Cube
Position: 4 1 -5
Rotation: 0 0 0
Scale: 1 1 1
TextureIndex: 99
VerticesAfterTransformation: 
Index: 0
Invisible: false
CornerPositions: -1 1 1 0 0 0 0 0 1 0 1 1 1 0.1 0 0 0 0 1 0 1 -1 1 0.1 0.1 0 0 0 1 0 -1 -1 1 0 0.1 0 0 0 1 0 1 -1 -1 0 0 0 0 0 -1 0 1 1 -1 0.1 0 0 0 0 -1 0 -1 1 -1 0.1 0.1 0 0 0 -1 0 -1 -1 -1 0 0.1 0 0 0 -1 0 -1 1 -1 0 0 0 0 1 0 0 1 1 -1 0.1 0 0 0 1 0 0 1 1 1 0.1 0.1 0 0 1 0 0 -1 1 1 0 0.1 0 0 1 0 0 -1 -1 1 0 0 0 0 -1 0 0 1 -1 1 0.1 0 0 0 -1 0 0 1 -1 -1 0.1 0.1 0 0 -1 0 0 -1 -1 -1 0 0.1 0 0 -1 0 0 1 -1 -1 0 0 0 1 0 0 0 1 -1 1 0 0.1 0 1 0 0 0 1 1 1 0.1 0.1 0 1 0 0 0 1 1 -1 0.1 0 0 1 0 0 0 -1 -1 -1 0 0 0 -1 0 0 0 -1 1 -1 0 0.1 0 -1 0 0 0 -1 1 1 0.1 0.1 0 -1 0 0 0 -1 -1 1 0.1 0 0 -1 0 0 0 
Indices: 0 1 2 2 3 0 4 5 6 6 7 4 8 9 10 10 11 8 12 13 14 14 15 12 16 17 18 18 19 16 20 21 22 22 23 20 
Cube
Position: 0 -6 0
Rotation: 0 0 0
Scale: 50 1 50
TextureIndex: 24
VerticesAfterTransformation: 
Index: 1
Invisible: false
CornerPositions: -1 1 1 0 0 0 0 0 1 0 1 1 1 0.1 0 0 0 0 1 0 1 -1 1 0.1 0.1 0 0 0 1 0 -1 -1 1 0 0.1 0 0 0 1 0 1 -1 -1 0 0 0 0 0 -1 0 1 1 -1 0.1 0 0 0 0 -1 0 -1 1 -1 0.1 0.1 0 0 0 -1 0 -1 -1 -1 0 0.1 0 0 0 -1 0 -1 1 -1 0 0 0 0 1 0 0 1 1 -1 0.1 0 0 0 1 0 0 1 1 1 0.1 0.1 0 0 1 0 0 -1 1 1 0 0.1 0 0 1 0 0 -1 -1 1 0 0 0 0 -1 0 0 1 -1 1 0.1 0 0 0 -1 0 0 1 -1 -1 0.1 0.1 0 0 -1 0 0 -1 -1 -1 0 0.1 0 0 -1 0 0 1 -1 -1 0 0 0 1 0 0 0 1 -1 1 0 0.1 0 1 0 0 0 1 1 1 0.1 0.1 0 1 0 0 0 1 1 -1 0.1 0 0 1 0 0 0 -1 -1 -1 0 0 0 -1 0 0 0 -1 1 -1 0 0.1 0 -1 0 0 0 -1 1 1 0.1 0.1 0 -1 0 0 0 -1 -1 1 0.1 0 0 -1 0 0 0 
Indices: 0 1 2 2 3 0 4 5 6 6 7 4 8 9 10 10 11 8 12 13 14 14 15 12 16 17 18 18 19 16 20 21 22 22 23 20 
Cube
Position: 0 9 0
Rotation: 0 0 0
Scale: 1 1 1
TextureIndex: 99
VerticesAfterTransformation: 
Index: 2
Invisible: false
CornerPositions: -1 1 1 0 0 0 0 0 1 0 1 1 1 0.1 0 0 0 0 1 0 1 -1 1 0.1 0.1 0 0 0 1 0 -1 -1 1 0 0.1 0 0 0 1 0 1 -1 -1 0 0 0 0 0 -1 0 1 1 -1 0.1 0 0 0 0 -1 0 -1 1 -1 0.1 0.1 0 0 0 -1 0 -1 -1 -1 0 0.1 0 0 0 -1 0 -1 1 -1 0 0 0 0 1 0 0 1 1 -1 0.1 0 0 0 1 0 0 1 1 1 0.1 0.1 0 0 1 0 0 -1 1 1 0 0.1 0 0 1 0 0 -1 -1 1 0 0 0 0 -1 0 0 1 -1 1 0.1 0 0 0 -1 0 0 1 -1 -1 0.1 0.1 0 0 -1 0 0 -1 -1 -1 0 0.1 0 0 -1 0 0 1 -1 -1 0 0 0 1 0 0 0 1 -1 1 0 0.1 0 1 0 0 0 1 1 1 0.1 0.1 0 1 0 0 0 1 1 -1 0.1 0 0 1 0 0 0 -1 -1 -1 0 0 0 -1 0 0 0 -1 1 -1 0 0.1 0 -1 0 0 0 -1 1 1 0.1 0.1 0 -1 0 0 0 -1 -1 1 0.1 0 0 -1 0 0 0 
Indices: 0 1 2 2 3 0 4 5 6 6 7 4 8 9 10 10 11 8 12 13 14 14 15 12 16 17 18 18 19 16 20 21 22 22 23 20 
Cube
Position: 0 9 0
Rotation: 0 0 0
Scale: 1 1 1
TextureIndex: 99
VerticesAfterTransformation: 
Index: 3
Invisible: false
CornerPositions: -1 1 1 0 0 99 0 0 1 0 1 1 1 0.1 0 99 0 0 1 0 1 -1 1 0.1 0.1 99 0 0 1 0 -1 -1 1 0 0.1 99 0 0 1 0 1 -1 -1 0 0 99 0 0 -1 0 1 1 -1 0.1 0 99 0 0 -1 0 -1 1 -1 0.1 0.1 99 0 0 -1 0 -1 -1 -1 0 0.1 99 0 0 -1 0 -1 1 -1 0 0 99 0 1 0 0 1 1 -1 0.1 0 99 0 1 0 0 1 1 1 0.1 0.1 99 0 1 0 0 -1 1 1 0 0.1 99 0 1 0 0 -1 -1 1 0 0 99 0 -1 0 0 1 -1 1 0.1 0 99 0 -1 0 0 1 -1 -1 0.1 0.1 99 0 -1 0 0 -1 -1 -1 0 0.1 99 0 -1 0 0 1 -1 -1 0 0 99 1 0 0 0 1 -1 1 0 0.1 99 1 0 0 0 1 1 1 0.1 0.1 99 1 0 0 0 1 1 -1 0.1 0 99 1 0 0 0 -1 -1 -1 0 0 99 -1 0 0 0 -1 1 -1 0 0.1 99 -1 0 0 0 -1 1 1 0.1 0.1 99 -1 0 0 0 -1 -1 1 0.1 0 99 -1 0 0 0 
Indices: 0 1 2 2 3 0 4 5 6 6 7 4 8 9 10 10 11 8 12 13 14 14 15 12 16 17 18 18 19 16 20 21 22 22 23 20 
Cube
Position: -51 2 0
Rotation: 0 0 0
Scale: 1 1 1
TextureIndex: 24
VerticesAfterTransformation: 
Index: 4
Invisible: false
CornerPositions: -1 1 1 0 0 24 0 0 1 0 1 1 1 0.1 0 24 0 0 1 0 1 -1 1 0.1 0.1 24 0 0 1 0 -1 -1 1 0 0.1 24 0 0 1 0 1 -1 -1 0 0 24 0 0 -1 0 1 1 -1 0.1 0 24 0 0 -1 0 -1 1 -1 0.1 0.1 24 0 0 -1 0 -1 -1 -1 0 0.1 24 0 0 -1 0 -1 1 -1 0 0 24 0 1 0 0 1 1 -1 0.1 0 24 0 1 0 0 1 1 1 0.1 0.1 24 0 1 0 0 -1 1 1 0 0.1 24 0 1 0 0 -1 -1 1 0 0 24 0 -1 0 0 1 -1 1 0.1 0 24 0 -1 0 0 1 -1 -1 0.1 0.1 24 0 -1 0 0 -1 -1 -1 0 0.1 24 0 -1 0 0 1 -1 -1 0 0 24 1 0 0 0 1 -1 1 0 0.1 24 1 0 0 0 1 1 1 0.1 0.1 24 1 0 0 0 1 1 -1 0.1 0 24 1 0 0 0 -1 -1 -1 0 0 24 -1 0 0 0 -1 1 -1 0 0.1 24 -1 0 0 0 -1 1 1 0.1 0.1 24 -1 0 0 0 -1 -1 1 0.1 0 24 -1 0 0 0 
Indices: 0 1 2 2 3 0 4 5 6 6 7 4 8 9 10 10 11 8 12 13 14 14 15 12 16 17 18 18 19 16 20 21 22 22 23 20 
Cube
Position: -3 -13 -22
Rotation: 13 0 0
Scale: 10 10 10
TextureIndex: 0
VerticesAfterTransformation: 
Index: 5
Invisible: false
CornerPositions: -1 0.749419 1.19932 0 0 0 0 0 1 0 1 0.749419 1.19932 0.1 0 0 0 0 1 0 1 -1.19932 0.749419 0.1 0.1 0 0 0 1 0 -1 -1.19932 0.749419 0 0.1 0 0 0 1 0 1 -0.749419 -1.19932 0 0 0 0 0 -1 0 1 1.19932 -0.749419 0.1 0 0 0 0 -1 0 -1 1.19932 -0.749419 0.1 0.1 0 0 0 -1 0 -1 -0.749419 -1.19932 0 0.1 0 0 0 -1 0 -1 1.19932 -0.749419 0 0 0 0 1 0 0 1 1.19932 -0.749419 0.1 0 0 0 1 0 0 1 0.749419 1.19932 0.1 0.1 0 0 1 0 0 -1 0.749419 1.19932 0 0.1 0 0 1 0 0 -1 -1.19932 0.749419 0 0 0 0 -1 0 0 1 -1.19932 0.749419 0.1 0 0 0 -1 0 0 1 -0.749419 -1.19932 0.1 0.1 0 0 -1 0 0 -1 -0.749419 -1.19932 0 0.1 0 0 -1 0 0 1 -0.749419 -1.19932 0 0 0 1 0 0 0 1 -1.19932 0.749419 0 0.1 0 1 0 0 0 1 0.749419 1.19932 0.1 0.1 0 1 0 0 0 1 1.19932 -0.749419 0.1 0 0 1 0 0 0 -1 -0.749419 -1.19932 0 0 0 -1 0 0 0 -1 1.19932 -0.749419 0 0.1 0 -1 0 0 0 -1 0.749419 1.19932 0.1 0.1 0 -1 0 0 0 -1 -1.19932 0.749419 0.1 0 0 -1 0 0 0 
Indices: 0 1 2 2 3 0 4 5 6 6 7 4 8 9 10 10 11 8 12 13 14 14 15 12 16 17 18 18 19 16 20 21 22 22 23 20 
