Cube
Position: 6 6 -22
Rotation: 0 0 0
Scale: 1 1 1
TextureIndex: 99
VerticesAfterTransformation: 
Index: 0
Invisible: false
CornerPositions: -1 -1 1 0 0 99 0 0 1 0 1 -1 1 0.1 0 99 0 0 1 0 1 1 1 0.1 0.1 99 0 0 1 0 -1 1 1 0 0.1 99 0 0 1 0 -1 -1 -1 0 0 99 0 0 -1 0 1 -1 -1 0.1 0 99 0 0 -1 0 1 1 -1 0.1 0.1 99 0 0 -1 0 -1 1 -1 0 0.1 99 0 0 -1 0 -1 1 -1 0 0 99 0 1 0 0 1 1 -1 0.1 0 99 0 1 0 0 1 1 1 0.1 0.1 99 0 1 0 0 -1 1 1 0 0.1 99 0 1 0 0 -1 -1 -1 0 0 99 0 -1 0 0 1 -1 -1 0.1 0 99 0 -1 0 0 1 -1 1 0.1 0.1 99 0 -1 0 0 -1 -1 1 0 0.1 99 0 -1 0 0 1 -1 -1 0 0 99 1 0 0 0 1 1 -1 0 0.1 99 1 0 0 0 1 1 1 0.1 0.1 99 1 0 0 0 1 -1 1 0.1 0 99 1 0 0 0 -1 -1 -1 0 0 99 -1 0 0 0 -1 1 -1 0 0.1 99 -1 0 0 0 -1 1 1 0.1 0.1 99 -1 0 0 0 -1 -1 1 0.1 0 99 -1 0 0 0 
Indices: 0 1 2 2 3 0 4 5 6 6 7 4 8 9 10 10 11 8 12 13 14 14 15 12 16 17 18 18 19 16 20 21 22 22 23 20 
Cube
Position: 0 -6 0
Rotation: 0 0 0
Scale: 50 1 50
TextureIndex: 0
VerticesAfterTransformation: 
Index: 1
Invisible: false
CornerPositions: -1 -1 1 0 0 0 0 0 1 0 1 -1 1 0.1 0 0 0 0 1 0 1 1 1 0.1 0.1 0 0 0 1 0 -1 1 1 0 0.1 0 0 0 1 0 -1 -1 -1 0 0 0 0 0 -1 0 1 -1 -1 0.1 0 0 0 0 -1 0 1 1 -1 0.1 0.1 0 0 0 -1 0 -1 1 -1 0 0.1 0 0 0 -1 0 -1 1 -1 0 0 0 0 1 0 0 1 1 -1 0.1 0 0 0 1 0 0 1 1 1 0.1 0.1 0 0 1 0 0 -1 1 1 0 0.1 0 0 1 0 0 -1 -1 -1 0 0 0 0 -1 0 0 1 -1 -1 0.1 0 0 0 -1 0 0 1 -1 1 0.1 0.1 0 0 -1 0 0 -1 -1 1 0 0.1 0 0 -1 0 0 1 -1 -1 0 0 0 1 0 0 0 1 1 -1 0 0.1 0 1 0 0 0 1 1 1 0.1 0.1 0 1 0 0 0 1 -1 1 0.1 0 0 1 0 0 0 -1 -1 -1 0 0 0 -1 0 0 0 -1 1 -1 0 0.1 0 -1 0 0 0 -1 1 1 0.1 0.1 0 -1 0 0 0 -1 -1 1 0.1 0 0 -1 0 0 0 
Indices: 0 1 2 2 3 0 4 5 6 6 7 4 8 9 10 10 11 8 12 13 14 14 15 12 16 17 18 18 19 16 20 21 22 22 23 20 
Cube
Position: 0 8 0
Rotation: 0 0 0
Scale: 1 1 1
TextureIndex: 99
VerticesAfterTransformation: 
Index: 2
Invisible: false
CornerPositions: -1 -1 1 0 0 0 0 0 1 0 1 -1 1 0.1 0 0 0 0 1 0 1 1 1 0.1 0.1 0 0 0 1 0 -1 1 1 0 0.1 0 0 0 1 0 -1 -1 -1 0 0 0 0 0 -1 0 1 -1 -1 0.1 0 0 0 0 -1 0 1 1 -1 0.1 0.1 0 0 0 -1 0 -1 1 -1 0 0.1 0 0 0 -1 0 -1 1 -1 0 0 0 0 1 0 0 1 1 -1 0.1 0 0 0 1 0 0 1 1 1 0.1 0.1 0 0 1 0 0 -1 1 1 0 0.1 0 0 1 0 0 -1 -1 -1 0 0 0 0 -1 0 0 1 -1 -1 0.1 0 0 0 -1 0 0 1 -1 1 0.1 0.1 0 0 -1 0 0 -1 -1 1 0 0.1 0 0 -1 0 0 1 -1 -1 0 0 0 1 0 0 0 1 1 -1 0 0.1 0 1 0 0 0 1 1 1 0.1 0.1 0 1 0 0 0 1 -1 1 0.1 0 0 1 0 0 0 -1 -1 -1 0 0 0 -1 0 0 0 -1 1 -1 0 0.1 0 -1 0 0 0 -1 1 1 0.1 0.1 0 -1 0 0 0 -1 -1 1 0.1 0 0 -1 0 0 0 
Indices: 0 1 2 2 3 0 4 5 6 6 7 4 8 9 10 10 11 8 12 13 14 14 15 12 16 17 18 18 19 16 20 21 22 22 23 20 
