Cube
Position: -111 6 55
Rotation: 0 0 0
Scale: 1 1 1
TextureIndex: 99
VerticesAfterTransformation: 
Index: 0
Invisible: false
CornerPositions: -1 -1 1 0 0 99 0 0 1 0 1 -1 1 0.1 0 99 0 0 1 0 1 1 1 0.1 0.1 99 0 0 1 0 -1 1 1 0 0.1 99 0 0 1 0 -1 -1 -1 0 0 99 0 0 -1 0 1 -1 -1 0.1 0 99 0 0 -1 0 1 1 -1 0.1 0.1 99 0 0 -1 0 -1 1 -1 0 0.1 99 0 0 -1 0 -1 1 -1 0 0 99 0 1 0 0 1 1 -1 0.1 0 99 0 1 0 0 1 1 1 0.1 0.1 99 0 1 0 0 -1 1 1 0 0.1 99 0 1 0 0 -1 -1 -1 0 0 99 0 -1 0 0 1 -1 -1 0.1 0 99 0 -1 0 0 1 -1 1 0.1 0.1 99 0 -1 0 0 -1 -1 1 0 0.1 99 0 -1 0 0 1 -1 -1 0 0 99 1 0 0 0 1 1 -1 0 0.1 99 1 0 0 0 1 1 1 0.1 0.1 99 1 0 0 0 1 -1 1 0.1 0 99 1 0 0 0 -1 -1 -1 0 0 99 -1 0 0 0 -1 1 -1 0 0.1 99 -1 0 0 0 -1 1 1 0.1 0.1 99 -1 0 0 0 -1 -1 1 0.1 0 99 -1 0 0 0 
Indices: 0 1 2 2 3 0 4 5 6 6 7 4 8 9 10 10 11 8 12 13 14 14 15 12 16 17 18 18 19 16 20 21 22 22 23 20 
Cube
Position: 0 -12 0
Rotation: 0 0 0
Scale: 49 1 49
TextureIndex: 22
VerticesAfterTransformation: 
Index: 1
Invisible: false
CornerPositions: -1 -1 1 0 0 0 0 0 1 0 1 -1 1 0.1 0 0 0 0 1 0 1 1 1 0.1 0.1 0 0 0 1 0 -1 1 1 0 0.1 0 0 0 1 0 -1 -1 -1 0 0 0 0 0 -1 0 1 -1 -1 0.1 0 0 0 0 -1 0 1 1 -1 0.1 0.1 0 0 0 -1 0 -1 1 -1 0 0.1 0 0 0 -1 0 -1 1 -1 0 0 0 0 1 0 0 1 1 -1 0.1 0 0 0 1 0 0 1 1 1 0.1 0.1 0 0 1 0 0 -1 1 1 0 0.1 0 0 1 0 0 -1 -1 -1 0 0 0 0 -1 0 0 1 -1 -1 0.1 0 0 0 -1 0 0 1 -1 1 0.1 0.1 0 0 -1 0 0 -1 -1 1 0 0.1 0 0 -1 0 0 1 -1 -1 0 0 0 1 0 0 0 1 1 -1 0 0.1 0 1 0 0 0 1 1 1 0.1 0.1 0 1 0 0 0 1 -1 1 0.1 0 0 1 0 0 0 -1 -1 -1 0 0 0 -1 0 0 0 -1 1 -1 0 0.1 0 -1 0 0 0 -1 1 1 0.1 0.1 0 -1 0 0 0 -1 -1 1 0.1 0 0 -1 0 0 0 
Indices: 0 1 2 2 3 0 4 5 6 6 7 4 8 9 10 10 11 8 12 13 14 14 15 12 16 17 18 18 19 16 20 21 22 22 23 20 
Cube
Position: -98 -12 0
Rotation: 0 0 0
Scale: 49 1 49
TextureIndex: 22
VerticesAfterTransformation: 
Index: 2
Invisible: false
CornerPositions: -1 -1 1 0 0 22 0 0 1 0 1 -1 1 0.1 0 22 0 0 1 0 1 1 1 0.1 0.1 22 0 0 1 0 -1 1 1 0 0.1 22 0 0 1 0 -1 -1 -1 0 0 22 0 0 -1 0 1 -1 -1 0.1 0 22 0 0 -1 0 1 1 -1 0.1 0.1 22 0 0 -1 0 -1 1 -1 0 0.1 22 0 0 -1 0 -1 1 -1 0 0 22 0 1 0 0 1 1 -1 0.1 0 22 0 1 0 0 1 1 1 0.1 0.1 22 0 1 0 0 -1 1 1 0 0.1 22 0 1 0 0 -1 -1 -1 0 0 22 0 -1 0 0 1 -1 -1 0.1 0 22 0 -1 0 0 1 -1 1 0.1 0.1 22 0 -1 0 0 -1 -1 1 0 0.1 22 0 -1 0 0 1 -1 -1 0 0 22 1 0 0 0 1 1 -1 0 0.1 22 1 0 0 0 1 1 1 0.1 0.1 22 1 0 0 0 1 -1 1 0.1 0 22 1 0 0 0 -1 -1 -1 0 0 22 -1 0 0 0 -1 1 -1 0 0.1 22 -1 0 0 0 -1 1 1 0.1 0.1 22 -1 0 0 0 -1 -1 1 0.1 0 22 -1 0 0 0 
Indices: 0 1 2 2 3 0 4 5 6 6 7 4 8 9 10 10 11 8 12 13 14 14 15 12 16 17 18 18 19 16 20 21 22 22 23 20 
Cube
Position: 0 -12 98
Rotation: 0 0 0
Scale: 49 1 49
TextureIndex: 22
VerticesAfterTransformation: 
Index: 3
Invisible: false
CornerPositions: -1 -1 1 0 0 22 0 0 1 0 1 -1 1 0.1 0 22 0 0 1 0 1 1 1 0.1 0.1 22 0 0 1 0 -1 1 1 0 0.1 22 0 0 1 0 -1 -1 -1 0 0 22 0 0 -1 0 1 -1 -1 0.1 0 22 0 0 -1 0 1 1 -1 0.1 0.1 22 0 0 -1 0 -1 1 -1 0 0.1 22 0 0 -1 0 -1 1 -1 0 0 22 0 1 0 0 1 1 -1 0.1 0 22 0 1 0 0 1 1 1 0.1 0.1 22 0 1 0 0 -1 1 1 0 0.1 22 0 1 0 0 -1 -1 -1 0 0 22 0 -1 0 0 1 -1 -1 0.1 0 22 0 -1 0 0 1 -1 1 0.1 0.1 22 0 -1 0 0 -1 -1 1 0 0.1 22 0 -1 0 0 1 -1 -1 0 0 22 1 0 0 0 1 1 -1 0 0.1 22 1 0 0 0 1 1 1 0.1 0.1 22 1 0 0 0 1 -1 1 0.1 0 22 1 0 0 0 -1 -1 -1 0 0 22 -1 0 0 0 -1 1 -1 0 0.1 22 -1 0 0 0 -1 1 1 0.1 0.1 22 -1 0 0 0 -1 -1 1 0.1 0 22 -1 0 0 0 
Indices: 0 1 2 2 3 0 4 5 6 6 7 4 8 9 10 10 11 8 12 13 14 14 15 12 16 17 18 18 19 16 20 21 22 22 23 20 
Cube
Position: -98 -12 98
Rotation: 0 0 0
Scale: 49 1 49
TextureIndex: 22
VerticesAfterTransformation: 
Index: 4
Invisible: false
CornerPositions: -1 -1 1 0 0 22 0 0 1 0 1 -1 1 0.1 0 22 0 0 1 0 1 1 1 0.1 0.1 22 0 0 1 0 -1 1 1 0 0.1 22 0 0 1 0 -1 -1 -1 0 0 22 0 0 -1 0 1 -1 -1 0.1 0 22 0 0 -1 0 1 1 -1 0.1 0.1 22 0 0 -1 0 -1 1 -1 0 0.1 22 0 0 -1 0 -1 1 -1 0 0 22 0 1 0 0 1 1 -1 0.1 0 22 0 1 0 0 1 1 1 0.1 0.1 22 0 1 0 0 -1 1 1 0 0.1 22 0 1 0 0 -1 -1 -1 0 0 22 0 -1 0 0 1 -1 -1 0.1 0 22 0 -1 0 0 1 -1 1 0.1 0.1 22 0 -1 0 0 -1 -1 1 0 0.1 22 0 -1 0 0 1 -1 -1 0 0 22 1 0 0 0 1 1 -1 0 0.1 22 1 0 0 0 1 1 1 0.1 0.1 22 1 0 0 0 1 -1 1 0.1 0 22 1 0 0 0 -1 -1 -1 0 0 22 -1 0 0 0 -1 1 -1 0 0.1 22 -1 0 0 0 -1 1 1 0.1 0.1 22 -1 0 0 0 -1 -1 1 0.1 0 22 -1 0 0 0 
Indices: 0 1 2 2 3 0 4 5 6 6 7 4 8 9 10 10 11 8 12 13 14 14 15 12 16 17 18 18 19 16 20 21 22 22 23 20 
Cube
Position: 48 1 97
Rotation: 0 0 0
Scale: 1 12 50
TextureIndex: 22
VerticesAfterTransformation: 
Index: 5
Invisible: false
CornerPositions: -1 -1 1 0 0 0 0 0 1 0 1 -1 1 0.1 0 0 0 0 1 0 1 1 1 0.1 0.1 0 0 0 1 0 -1 1 1 0 0.1 0 0 0 1 0 -1 -1 -1 0 0 0 0 0 -1 0 1 -1 -1 0.1 0 0 0 0 -1 0 1 1 -1 0.1 0.1 0 0 0 -1 0 -1 1 -1 0 0.1 0 0 0 -1 0 -1 1 -1 0 0 0 0 1 0 0 1 1 -1 0.1 0 0 0 1 0 0 1 1 1 0.1 0.1 0 0 1 0 0 -1 1 1 0 0.1 0 0 1 0 0 -1 -1 -1 0 0 0 0 -1 0 0 1 -1 -1 0.1 0 0 0 -1 0 0 1 -1 1 0.1 0.1 0 0 -1 0 0 -1 -1 1 0 0.1 0 0 -1 0 0 1 -1 -1 0 0 0 1 0 0 0 1 1 -1 0 0.1 0 1 0 0 0 1 1 1 0.1 0.1 0 1 0 0 0 1 -1 1 0.1 0 0 1 0 0 0 -1 -1 -1 0 0 0 -1 0 0 0 -1 1 -1 0 0.1 0 -1 0 0 0 -1 1 1 0.1 0.1 0 -1 0 0 0 -1 -1 1 0.1 0 0 -1 0 0 0 
Indices: 0 1 2 2 3 0 4 5 6 6 7 4 8 9 10 10 11 8 12 13 14 14 15 12 16 17 18 18 19 16 20 21 22 22 23 20 
Cube
Position: 48 1 -3
Rotation: 0 0 0
Scale: 1 12 50
TextureIndex: 22
VerticesAfterTransformation: 
Index: 6
Invisible: false
CornerPositions: -1 -1 1 0 0 87 0 0 1 0 1 -1 1 0.1 0 87 0 0 1 0 1 1 1 0.1 0.1 87 0 0 1 0 -1 1 1 0 0.1 87 0 0 1 0 -1 -1 -1 0 0 87 0 0 -1 0 1 -1 -1 0.1 0 87 0 0 -1 0 1 1 -1 0.1 0.1 87 0 0 -1 0 -1 1 -1 0 0.1 87 0 0 -1 0 -1 1 -1 0 0 87 0 1 0 0 1 1 -1 0.1 0 87 0 1 0 0 1 1 1 0.1 0.1 87 0 1 0 0 -1 1 1 0 0.1 87 0 1 0 0 -1 -1 -1 0 0 87 0 -1 0 0 1 -1 -1 0.1 0 87 0 -1 0 0 1 -1 1 0.1 0.1 87 0 -1 0 0 -1 -1 1 0 0.1 87 0 -1 0 0 1 -1 -1 0 0 87 1 0 0 0 1 1 -1 0 0.1 87 1 0 0 0 1 1 1 0.1 0.1 87 1 0 0 0 1 -1 1 0.1 0 87 1 0 0 0 -1 -1 -1 0 0 87 -1 0 0 0 -1 1 -1 0 0.1 87 -1 0 0 0 -1 1 1 0.1 0.1 87 -1 0 0 0 -1 -1 1 0.1 0 87 -1 0 0 0 
Indices: 0 1 2 2 3 0 4 5 6 6 7 4 8 9 10 10 11 8 12 13 14 14 15 12 16 17 18 18 19 16 20 21 22 22 23 20 
Cube
Position: -146 1 -2
Rotation: 0 0 0
Scale: 1 12 50
TextureIndex: 22
VerticesAfterTransformation: 
Index: 7
Invisible: false
CornerPositions: -1 -1 1 0 0 87 0 0 1 0 1 -1 1 0.1 0 87 0 0 1 0 1 1 1 0.1 0.1 87 0 0 1 0 -1 1 1 0 0.1 87 0 0 1 0 -1 -1 -1 0 0 87 0 0 -1 0 1 -1 -1 0.1 0 87 0 0 -1 0 1 1 -1 0.1 0.1 87 0 0 -1 0 -1 1 -1 0 0.1 87 0 0 -1 0 -1 1 -1 0 0 87 0 1 0 0 1 1 -1 0.1 0 87 0 1 0 0 1 1 1 0.1 0.1 87 0 1 0 0 -1 1 1 0 0.1 87 0 1 0 0 -1 -1 -1 0 0 87 0 -1 0 0 1 -1 -1 0.1 0 87 0 -1 0 0 1 -1 1 0.1 0.1 87 0 -1 0 0 -1 -1 1 0 0.1 87 0 -1 0 0 1 -1 -1 0 0 87 1 0 0 0 1 1 -1 0 0.1 87 1 0 0 0 1 1 1 0.1 0.1 87 1 0 0 0 1 -1 1 0.1 0 87 1 0 0 0 -1 -1 -1 0 0 87 -1 0 0 0 -1 1 -1 0 0.1 87 -1 0 0 0 -1 1 1 0.1 0.1 87 -1 0 0 0 -1 -1 1 0.1 0 87 -1 0 0 0 
Indices: 0 1 2 2 3 0 4 5 6 6 7 4 8 9 10 10 11 8 12 13 14 14 15 12 16 17 18 18 19 16 20 21 22 22 23 20 
Cube
Position: -146 1 98
Rotation: 0 0 0
Scale: 1 12 50
TextureIndex: 22
VerticesAfterTransformation: 
Index: 8
Invisible: false
CornerPositions: -1 -1 1 0 0 87 0 0 1 0 1 -1 1 0.1 0 87 0 0 1 0 1 1 1 0.1 0.1 87 0 0 1 0 -1 1 1 0 0.1 87 0 0 1 0 -1 -1 -1 0 0 87 0 0 -1 0 1 -1 -1 0.1 0 87 0 0 -1 0 1 1 -1 0.1 0.1 87 0 0 -1 0 -1 1 -1 0 0.1 87 0 0 -1 0 -1 1 -1 0 0 87 0 1 0 0 1 1 -1 0.1 0 87 0 1 0 0 1 1 1 0.1 0.1 87 0 1 0 0 -1 1 1 0 0.1 87 0 1 0 0 -1 -1 -1 0 0 87 0 -1 0 0 1 -1 -1 0.1 0 87 0 -1 0 0 1 -1 1 0.1 0.1 87 0 -1 0 0 -1 -1 1 0 0.1 87 0 -1 0 0 1 -1 -1 0 0 87 1 0 0 0 1 1 -1 0 0.1 87 1 0 0 0 1 1 1 0.1 0.1 87 1 0 0 0 1 -1 1 0.1 0 87 1 0 0 0 -1 -1 -1 0 0 87 -1 0 0 0 -1 1 -1 0 0.1 87 -1 0 0 0 -1 1 1 0.1 0.1 87 -1 0 0 0 -1 -1 1 0.1 0 87 -1 0 0 0 
Indices: 0 1 2 2 3 0 4 5 6 6 7 4 8 9 10 10 11 8 12 13 14 14 15 12 16 17 18 18 19 16 20 21 22 22 23 20 
Cube
Position: -146 25 -2
Rotation: 0 0 0
Scale: 1 12 50
TextureIndex: 22
VerticesAfterTransformation: 
Index: 9
Invisible: false
CornerPositions: -1 -1 1 0 0 87 0 0 1 0 1 -1 1 0.1 0 87 0 0 1 0 1 1 1 0.1 0.1 87 0 0 1 0 -1 1 1 0 0.1 87 0 0 1 0 -1 -1 -1 0 0 87 0 0 -1 0 1 -1 -1 0.1 0 87 0 0 -1 0 1 1 -1 0.1 0.1 87 0 0 -1 0 -1 1 -1 0 0.1 87 0 0 -1 0 -1 1 -1 0 0 87 0 1 0 0 1 1 -1 0.1 0 87 0 1 0 0 1 1 1 0.1 0.1 87 0 1 0 0 -1 1 1 0 0.1 87 0 1 0 0 -1 -1 -1 0 0 87 0 -1 0 0 1 -1 -1 0.1 0 87 0 -1 0 0 1 -1 1 0.1 0.1 87 0 -1 0 0 -1 -1 1 0 0.1 87 0 -1 0 0 1 -1 -1 0 0 87 1 0 0 0 1 1 -1 0 0.1 87 1 0 0 0 1 1 1 0.1 0.1 87 1 0 0 0 1 -1 1 0.1 0 87 1 0 0 0 -1 -1 -1 0 0 87 -1 0 0 0 -1 1 -1 0 0.1 87 -1 0 0 0 -1 1 1 0.1 0.1 87 -1 0 0 0 -1 -1 1 0.1 0 87 -1 0 0 0 
Indices: 0 1 2 2 3 0 4 5 6 6 7 4 8 9 10 10 11 8 12 13 14 14 15 12 16 17 18 18 19 16 20 21 22 22 23 20 
Cube
Position: -146 25 98
Rotation: 0 0 0
Scale: 1 12 50
TextureIndex: 22
VerticesAfterTransformation: 
Index: 10
Invisible: false
CornerPositions: -1 -1 1 0 0 87 0 0 1 0 1 -1 1 0.1 0 87 0 0 1 0 1 1 1 0.1 0.1 87 0 0 1 0 -1 1 1 0 0.1 87 0 0 1 0 -1 -1 -1 0 0 87 0 0 -1 0 1 -1 -1 0.1 0 87 0 0 -1 0 1 1 -1 0.1 0.1 87 0 0 -1 0 -1 1 -1 0 0.1 87 0 0 -1 0 -1 1 -1 0 0 87 0 1 0 0 1 1 -1 0.1 0 87 0 1 0 0 1 1 1 0.1 0.1 87 0 1 0 0 -1 1 1 0 0.1 87 0 1 0 0 -1 -1 -1 0 0 87 0 -1 0 0 1 -1 -1 0.1 0 87 0 -1 0 0 1 -1 1 0.1 0.1 87 0 -1 0 0 -1 -1 1 0 0.1 87 0 -1 0 0 1 -1 -1 0 0 87 1 0 0 0 1 1 -1 0 0.1 87 1 0 0 0 1 1 1 0.1 0.1 87 1 0 0 0 1 -1 1 0.1 0 87 1 0 0 0 -1 -1 -1 0 0 87 -1 0 0 0 -1 1 -1 0 0.1 87 -1 0 0 0 -1 1 1 0.1 0.1 87 -1 0 0 0 -1 -1 1 0.1 0 87 -1 0 0 0 
Indices: 0 1 2 2 3 0 4 5 6 6 7 4 8 9 10 10 11 8 12 13 14 14 15 12 16 17 18 18 19 16 20 21 22 22 23 20 
Cube
Position: 48 25 -7
Rotation: 0 0 0
Scale: 1 12 50
TextureIndex: 22
VerticesAfterTransformation: 
Index: 11
Invisible: false
CornerPositions: -1 -1 1 0 0 87 0 0 1 0 1 -1 1 0.1 0 87 0 0 1 0 1 1 1 0.1 0.1 87 0 0 1 0 -1 1 1 0 0.1 87 0 0 1 0 -1 -1 -1 0 0 87 0 0 -1 0 1 -1 -1 0.1 0 87 0 0 -1 0 1 1 -1 0.1 0.1 87 0 0 -1 0 -1 1 -1 0 0.1 87 0 0 -1 0 -1 1 -1 0 0 87 0 1 0 0 1 1 -1 0.1 0 87 0 1 0 0 1 1 1 0.1 0.1 87 0 1 0 0 -1 1 1 0 0.1 87 0 1 0 0 -1 -1 -1 0 0 87 0 -1 0 0 1 -1 -1 0.1 0 87 0 -1 0 0 1 -1 1 0.1 0.1 87 0 -1 0 0 -1 -1 1 0 0.1 87 0 -1 0 0 1 -1 -1 0 0 87 1 0 0 0 1 1 -1 0 0.1 87 1 0 0 0 1 1 1 0.1 0.1 87 1 0 0 0 1 -1 1 0.1 0 87 1 0 0 0 -1 -1 -1 0 0 87 -1 0 0 0 -1 1 -1 0 0.1 87 -1 0 0 0 -1 1 1 0.1 0.1 87 -1 0 0 0 -1 -1 1 0.1 0 87 -1 0 0 0 
Indices: 0 1 2 2 3 0 4 5 6 6 7 4 8 9 10 10 11 8 12 13 14 14 15 12 16 17 18 18 19 16 20 21 22 22 23 20 
Cube
Position: 48 25 97
Rotation: 0 0 0
Scale: 1 12 50
TextureIndex: 22
VerticesAfterTransformation: 
Index: 12
Invisible: false
CornerPositions: -1 -1 1 0 0 87 0 0 1 0 1 -1 1 0.1 0 87 0 0 1 0 1 1 1 0.1 0.1 87 0 0 1 0 -1 1 1 0 0.1 87 0 0 1 0 -1 -1 -1 0 0 87 0 0 -1 0 1 -1 -1 0.1 0 87 0 0 -1 0 1 1 -1 0.1 0.1 87 0 0 -1 0 -1 1 -1 0 0.1 87 0 0 -1 0 -1 1 -1 0 0 87 0 1 0 0 1 1 -1 0.1 0 87 0 1 0 0 1 1 1 0.1 0.1 87 0 1 0 0 -1 1 1 0 0.1 87 0 1 0 0 -1 -1 -1 0 0 87 0 -1 0 0 1 -1 -1 0.1 0 87 0 -1 0 0 1 -1 1 0.1 0.1 87 0 -1 0 0 -1 -1 1 0 0.1 87 0 -1 0 0 1 -1 -1 0 0 87 1 0 0 0 1 1 -1 0 0.1 87 1 0 0 0 1 1 1 0.1 0.1 87 1 0 0 0 1 -1 1 0.1 0 87 1 0 0 0 -1 -1 -1 0 0 87 -1 0 0 0 -1 1 -1 0 0.1 87 -1 0 0 0 -1 1 1 0.1 0.1 87 -1 0 0 0 -1 -1 1 0.1 0 87 -1 0 0 0 
Indices: 0 1 2 2 3 0 4 5 6 6 7 4 8 9 10 10 11 8 12 13 14 14 15 12 16 17 18 18 19 16 20 21 22 22 23 20 
Cube
Position: -97 1 -48
Rotation: 0 0 0
Scale: 50 12 1
TextureIndex: 22
VerticesAfterTransformation: 
Index: 13
Invisible: false
CornerPositions: -1 -1 1 0 0 87 0 0 1 0 1 -1 1 0.1 0 87 0 0 1 0 1 1 1 0.1 0.1 87 0 0 1 0 -1 1 1 0 0.1 87 0 0 1 0 -1 -1 -1 0 0 87 0 0 -1 0 1 -1 -1 0.1 0 87 0 0 -1 0 1 1 -1 0.1 0.1 87 0 0 -1 0 -1 1 -1 0 0.1 87 0 0 -1 0 -1 1 -1 0 0 87 0 1 0 0 1 1 -1 0.1 0 87 0 1 0 0 1 1 1 0.1 0.1 87 0 1 0 0 -1 1 1 0 0.1 87 0 1 0 0 -1 -1 -1 0 0 87 0 -1 0 0 1 -1 -1 0.1 0 87 0 -1 0 0 1 -1 1 0.1 0.1 87 0 -1 0 0 -1 -1 1 0 0.1 87 0 -1 0 0 1 -1 -1 0 0 87 1 0 0 0 1 1 -1 0 0.1 87 1 0 0 0 1 1 1 0.1 0.1 87 1 0 0 0 1 -1 1 0.1 0 87 1 0 0 0 -1 -1 -1 0 0 87 -1 0 0 0 -1 1 -1 0 0.1 87 -1 0 0 0 -1 1 1 0.1 0.1 87 -1 0 0 0 -1 -1 1 0.1 0 87 -1 0 0 0 
Indices: 0 1 2 2 3 0 4 5 6 6 7 4 8 9 10 10 11 8 12 13 14 14 15 12 16 17 18 18 19 16 20 21 22 22 23 20 
Cube
Position: 3 1 -48
Rotation: 0 0 0
Scale: 50 12 1
TextureIndex: 22
VerticesAfterTransformation: 
Index: 14
Invisible: false
CornerPositions: -1 -1 1 0 0 87 0 0 1 0 1 -1 1 0.1 0 87 0 0 1 0 1 1 1 0.1 0.1 87 0 0 1 0 -1 1 1 0 0.1 87 0 0 1 0 -1 -1 -1 0 0 87 0 0 -1 0 1 -1 -1 0.1 0 87 0 0 -1 0 1 1 -1 0.1 0.1 87 0 0 -1 0 -1 1 -1 0 0.1 87 0 0 -1 0 -1 1 -1 0 0 87 0 1 0 0 1 1 -1 0.1 0 87 0 1 0 0 1 1 1 0.1 0.1 87 0 1 0 0 -1 1 1 0 0.1 87 0 1 0 0 -1 -1 -1 0 0 87 0 -1 0 0 1 -1 -1 0.1 0 87 0 -1 0 0 1 -1 1 0.1 0.1 87 0 -1 0 0 -1 -1 1 0 0.1 87 0 -1 0 0 1 -1 -1 0 0 87 1 0 0 0 1 1 -1 0 0.1 87 1 0 0 0 1 1 1 0.1 0.1 87 1 0 0 0 1 -1 1 0.1 0 87 1 0 0 0 -1 -1 -1 0 0 87 -1 0 0 0 -1 1 -1 0 0.1 87 -1 0 0 0 -1 1 1 0.1 0.1 87 -1 0 0 0 -1 -1 1 0.1 0 87 -1 0 0 0 
Indices: 0 1 2 2 3 0 4 5 6 6 7 4 8 9 10 10 11 8 12 13 14 14 15 12 16 17 18 18 19 16 20 21 22 22 23 20 
Cube
Position: -98 25 -48
Rotation: 0 0 0
Scale: 50 12 1
TextureIndex: 22
VerticesAfterTransformation: 
Index: 15
Invisible: false
CornerPositions: -1 -1 1 0 0 87 0 0 1 0 1 -1 1 0.1 0 87 0 0 1 0 1 1 1 0.1 0.1 87 0 0 1 0 -1 1 1 0 0.1 87 0 0 1 0 -1 -1 -1 0 0 87 0 0 -1 0 1 -1 -1 0.1 0 87 0 0 -1 0 1 1 -1 0.1 0.1 87 0 0 -1 0 -1 1 -1 0 0.1 87 0 0 -1 0 -1 1 -1 0 0 87 0 1 0 0 1 1 -1 0.1 0 87 0 1 0 0 1 1 1 0.1 0.1 87 0 1 0 0 -1 1 1 0 0.1 87 0 1 0 0 -1 -1 -1 0 0 87 0 -1 0 0 1 -1 -1 0.1 0 87 0 -1 0 0 1 -1 1 0.1 0.1 87 0 -1 0 0 -1 -1 1 0 0.1 87 0 -1 0 0 1 -1 -1 0 0 87 1 0 0 0 1 1 -1 0 0.1 87 1 0 0 0 1 1 1 0.1 0.1 87 1 0 0 0 1 -1 1 0.1 0 87 1 0 0 0 -1 -1 -1 0 0 87 -1 0 0 0 -1 1 -1 0 0.1 87 -1 0 0 0 -1 1 1 0.1 0.1 87 -1 0 0 0 -1 -1 1 0.1 0 87 -1 0 0 0 
Indices: 0 1 2 2 3 0 4 5 6 6 7 4 8 9 10 10 11 8 12 13 14 14 15 12 16 17 18 18 19 16 20 21 22 22 23 20 
Cube
Position: 2 25 -48
Rotation: 0 0 0
Scale: 50 12 1
TextureIndex: 22
VerticesAfterTransformation: 
Index: 16
Invisible: false
CornerPositions: -1 -1 1 0 0 87 0 0 1 0 1 -1 1 0.1 0 87 0 0 1 0 1 1 1 0.1 0.1 87 0 0 1 0 -1 1 1 0 0.1 87 0 0 1 0 -1 -1 -1 0 0 87 0 0 -1 0 1 -1 -1 0.1 0 87 0 0 -1 0 1 1 -1 0.1 0.1 87 0 0 -1 0 -1 1 -1 0 0.1 87 0 0 -1 0 -1 1 -1 0 0 87 0 1 0 0 1 1 -1 0.1 0 87 0 1 0 0 1 1 1 0.1 0.1 87 0 1 0 0 -1 1 1 0 0.1 87 0 1 0 0 -1 -1 -1 0 0 87 0 -1 0 0 1 -1 -1 0.1 0 87 0 -1 0 0 1 -1 1 0.1 0.1 87 0 -1 0 0 -1 -1 1 0 0.1 87 0 -1 0 0 1 -1 -1 0 0 87 1 0 0 0 1 1 -1 0 0.1 87 1 0 0 0 1 1 1 0.1 0.1 87 1 0 0 0 1 -1 1 0.1 0 87 1 0 0 0 -1 -1 -1 0 0 87 -1 0 0 0 -1 1 -1 0 0.1 87 -1 0 0 0 -1 1 1 0.1 0.1 87 -1 0 0 0 -1 -1 1 0.1 0 87 -1 0 0 0 
Indices: 0 1 2 2 3 0 4 5 6 6 7 4 8 9 10 10 11 8 12 13 14 14 15 12 16 17 18 18 19 16 20 21 22 22 23 20 
Cube
Position: 0 1 146
Rotation: 0 0 0
Scale: 50 12 1
TextureIndex: 22
VerticesAfterTransformation: 
Index: 17
Invisible: false
CornerPositions: -1 -1 1 0 0 87 0 0 1 0 1 -1 1 0.1 0 87 0 0 1 0 1 1 1 0.1 0.1 87 0 0 1 0 -1 1 1 0 0.1 87 0 0 1 0 -1 -1 -1 0 0 87 0 0 -1 0 1 -1 -1 0.1 0 87 0 0 -1 0 1 1 -1 0.1 0.1 87 0 0 -1 0 -1 1 -1 0 0.1 87 0 0 -1 0 -1 1 -1 0 0 87 0 1 0 0 1 1 -1 0.1 0 87 0 1 0 0 1 1 1 0.1 0.1 87 0 1 0 0 -1 1 1 0 0.1 87 0 1 0 0 -1 -1 -1 0 0 87 0 -1 0 0 1 -1 -1 0.1 0 87 0 -1 0 0 1 -1 1 0.1 0.1 87 0 -1 0 0 -1 -1 1 0 0.1 87 0 -1 0 0 1 -1 -1 0 0 87 1 0 0 0 1 1 -1 0 0.1 87 1 0 0 0 1 1 1 0.1 0.1 87 1 0 0 0 1 -1 1 0.1 0 87 1 0 0 0 -1 -1 -1 0 0 87 -1 0 0 0 -1 1 -1 0 0.1 87 -1 0 0 0 -1 1 1 0.1 0.1 87 -1 0 0 0 -1 -1 1 0.1 0 87 -1 0 0 0 
Indices: 0 1 2 2 3 0 4 5 6 6 7 4 8 9 10 10 11 8 12 13 14 14 15 12 16 17 18 18 19 16 20 21 22 22 23 20 
Cube
Position: -100 1 146
Rotation: 0 0 0
Scale: 50 12 1
TextureIndex: 22
VerticesAfterTransformation: 
Index: 18
Invisible: false
CornerPositions: -1 -1 1 0 0 87 0 0 1 0 1 -1 1 0.1 0 87 0 0 1 0 1 1 1 0.1 0.1 87 0 0 1 0 -1 1 1 0 0.1 87 0 0 1 0 -1 -1 -1 0 0 87 0 0 -1 0 1 -1 -1 0.1 0 87 0 0 -1 0 1 1 -1 0.1 0.1 87 0 0 -1 0 -1 1 -1 0 0.1 87 0 0 -1 0 -1 1 -1 0 0 87 0 1 0 0 1 1 -1 0.1 0 87 0 1 0 0 1 1 1 0.1 0.1 87 0 1 0 0 -1 1 1 0 0.1 87 0 1 0 0 -1 -1 -1 0 0 87 0 -1 0 0 1 -1 -1 0.1 0 87 0 -1 0 0 1 -1 1 0.1 0.1 87 0 -1 0 0 -1 -1 1 0 0.1 87 0 -1 0 0 1 -1 -1 0 0 87 1 0 0 0 1 1 -1 0 0.1 87 1 0 0 0 1 1 1 0.1 0.1 87 1 0 0 0 1 -1 1 0.1 0 87 1 0 0 0 -1 -1 -1 0 0 87 -1 0 0 0 -1 1 -1 0 0.1 87 -1 0 0 0 -1 1 1 0.1 0.1 87 -1 0 0 0 -1 -1 1 0.1 0 87 -1 0 0 0 
Indices: 0 1 2 2 3 0 4 5 6 6 7 4 8 9 10 10 11 8 12 13 14 14 15 12 16 17 18 18 19 16 20 21 22 22 23 20 
Cube
Position: -101 25 146
Rotation: 0 0 0
Scale: 50 12 1
TextureIndex: 22
VerticesAfterTransformation: 
Index: 19
Invisible: false
CornerPositions: -1 -1 1 0 0 87 0 0 1 0 1 -1 1 0.1 0 87 0 0 1 0 1 1 1 0.1 0.1 87 0 0 1 0 -1 1 1 0 0.1 87 0 0 1 0 -1 -1 -1 0 0 87 0 0 -1 0 1 -1 -1 0.1 0 87 0 0 -1 0 1 1 -1 0.1 0.1 87 0 0 -1 0 -1 1 -1 0 0.1 87 0 0 -1 0 -1 1 -1 0 0 87 0 1 0 0 1 1 -1 0.1 0 87 0 1 0 0 1 1 1 0.1 0.1 87 0 1 0 0 -1 1 1 0 0.1 87 0 1 0 0 -1 -1 -1 0 0 87 0 -1 0 0 1 -1 -1 0.1 0 87 0 -1 0 0 1 -1 1 0.1 0.1 87 0 -1 0 0 -1 -1 1 0 0.1 87 0 -1 0 0 1 -1 -1 0 0 87 1 0 0 0 1 1 -1 0 0.1 87 1 0 0 0 1 1 1 0.1 0.1 87 1 0 0 0 1 -1 1 0.1 0 87 1 0 0 0 -1 -1 -1 0 0 87 -1 0 0 0 -1 1 -1 0 0.1 87 -1 0 0 0 -1 1 1 0.1 0.1 87 -1 0 0 0 -1 -1 1 0.1 0 87 -1 0 0 0 
Indices: 0 1 2 2 3 0 4 5 6 6 7 4 8 9 10 10 11 8 12 13 14 14 15 12 16 17 18 18 19 16 20 21 22 22 23 20 
Cube
Position: -1 25 146
Rotation: 0 0 0
Scale: 50 12 1
TextureIndex: 22
VerticesAfterTransformation: 
Index: 20
Invisible: false
CornerPositions: -1 -1 1 0 0 87 0 0 1 0 1 -1 1 0.1 0 87 0 0 1 0 1 1 1 0.1 0.1 87 0 0 1 0 -1 1 1 0 0.1 87 0 0 1 0 -1 -1 -1 0 0 87 0 0 -1 0 1 -1 -1 0.1 0 87 0 0 -1 0 1 1 -1 0.1 0.1 87 0 0 -1 0 -1 1 -1 0 0.1 87 0 0 -1 0 -1 1 -1 0 0 87 0 1 0 0 1 1 -1 0.1 0 87 0 1 0 0 1 1 1 0.1 0.1 87 0 1 0 0 -1 1 1 0 0.1 87 0 1 0 0 -1 -1 -1 0 0 87 0 -1 0 0 1 -1 -1 0.1 0 87 0 -1 0 0 1 -1 1 0.1 0.1 87 0 -1 0 0 -1 -1 1 0 0.1 87 0 -1 0 0 1 -1 -1 0 0 87 1 0 0 0 1 1 -1 0 0.1 87 1 0 0 0 1 1 1 0.1 0.1 87 1 0 0 0 1 -1 1 0.1 0 87 1 0 0 0 -1 -1 -1 0 0 87 -1 0 0 0 -1 1 -1 0 0.1 87 -1 0 0 0 -1 1 1 0.1 0.1 87 -1 0 0 0 -1 -1 1 0.1 0 87 -1 0 0 0 
Indices: 0 1 2 2 3 0 4 5 6 6 7 4 8 9 10 10 11 8 12 13 14 14 15 12 16 17 18 18 19 16 20 21 22 22 23 20 
Cube
Position: 0 36 0
Rotation: 0 0 0
Scale: 49 1 49
TextureIndex: 22
VerticesAfterTransformation: 
Index: 21
Invisible: false
CornerPositions: -1 -1 1 0 0 22 0 0 1 0 1 -1 1 0.1 0 22 0 0 1 0 1 1 1 0.1 0.1 22 0 0 1 0 -1 1 1 0 0.1 22 0 0 1 0 -1 -1 -1 0 0 22 0 0 -1 0 1 -1 -1 0.1 0 22 0 0 -1 0 1 1 -1 0.1 0.1 22 0 0 -1 0 -1 1 -1 0 0.1 22 0 0 -1 0 -1 1 -1 0 0 22 0 1 0 0 1 1 -1 0.1 0 22 0 1 0 0 1 1 1 0.1 0.1 22 0 1 0 0 -1 1 1 0 0.1 22 0 1 0 0 -1 -1 -1 0 0 22 0 -1 0 0 1 -1 -1 0.1 0 22 0 -1 0 0 1 -1 1 0.1 0.1 22 0 -1 0 0 -1 -1 1 0 0.1 22 0 -1 0 0 1 -1 -1 0 0 22 1 0 0 0 1 1 -1 0 0.1 22 1 0 0 0 1 1 1 0.1 0.1 22 1 0 0 0 1 -1 1 0.1 0 22 1 0 0 0 -1 -1 -1 0 0 22 -1 0 0 0 -1 1 -1 0 0.1 22 -1 0 0 0 -1 1 1 0.1 0.1 22 -1 0 0 0 -1 -1 1 0.1 0 22 -1 0 0 0 
Indices: 0 1 2 2 3 0 4 5 6 6 7 4 8 9 10 10 11 8 12 13 14 14 15 12 16 17 18 18 19 16 20 21 22 22 23 20 
Cube
Position: 0 36 98
Rotation: 0 0 0
Scale: 49 1 49
TextureIndex: 22
VerticesAfterTransformation: 
Index: 22
Invisible: false
CornerPositions: -1 -1 1 0 0 22 0 0 1 0 1 -1 1 0.1 0 22 0 0 1 0 1 1 1 0.1 0.1 22 0 0 1 0 -1 1 1 0 0.1 22 0 0 1 0 -1 -1 -1 0 0 22 0 0 -1 0 1 -1 -1 0.1 0 22 0 0 -1 0 1 1 -1 0.1 0.1 22 0 0 -1 0 -1 1 -1 0 0.1 22 0 0 -1 0 -1 1 -1 0 0 22 0 1 0 0 1 1 -1 0.1 0 22 0 1 0 0 1 1 1 0.1 0.1 22 0 1 0 0 -1 1 1 0 0.1 22 0 1 0 0 -1 -1 -1 0 0 22 0 -1 0 0 1 -1 -1 0.1 0 22 0 -1 0 0 1 -1 1 0.1 0.1 22 0 -1 0 0 -1 -1 1 0 0.1 22 0 -1 0 0 1 -1 -1 0 0 22 1 0 0 0 1 1 -1 0 0.1 22 1 0 0 0 1 1 1 0.1 0.1 22 1 0 0 0 1 -1 1 0.1 0 22 1 0 0 0 -1 -1 -1 0 0 22 -1 0 0 0 -1 1 -1 0 0.1 22 -1 0 0 0 -1 1 1 0.1 0.1 22 -1 0 0 0 -1 -1 1 0.1 0 22 -1 0 0 0 
Indices: 0 1 2 2 3 0 4 5 6 6 7 4 8 9 10 10 11 8 12 13 14 14 15 12 16 17 18 18 19 16 20 21 22 22 23 20 
Cube
Position: -98 36 98
Rotation: 0 0 0
Scale: 49 1 49
TextureIndex: 22
VerticesAfterTransformation: 
Index: 23
Invisible: false
CornerPositions: -1 -1 1 0 0 22 0 0 1 0 1 -1 1 0.1 0 22 0 0 1 0 1 1 1 0.1 0.1 22 0 0 1 0 -1 1 1 0 0.1 22 0 0 1 0 -1 -1 -1 0 0 22 0 0 -1 0 1 -1 -1 0.1 0 22 0 0 -1 0 1 1 -1 0.1 0.1 22 0 0 -1 0 -1 1 -1 0 0.1 22 0 0 -1 0 -1 1 -1 0 0 22 0 1 0 0 1 1 -1 0.1 0 22 0 1 0 0 1 1 1 0.1 0.1 22 0 1 0 0 -1 1 1 0 0.1 22 0 1 0 0 -1 -1 -1 0 0 22 0 -1 0 0 1 -1 -1 0.1 0 22 0 -1 0 0 1 -1 1 0.1 0.1 22 0 -1 0 0 -1 -1 1 0 0.1 22 0 -1 0 0 1 -1 -1 0 0 22 1 0 0 0 1 1 -1 0 0.1 22 1 0 0 0 1 1 1 0.1 0.1 22 1 0 0 0 1 -1 1 0.1 0 22 1 0 0 0 -1 -1 -1 0 0 22 -1 0 0 0 -1 1 -1 0 0.1 22 -1 0 0 0 -1 1 1 0.1 0.1 22 -1 0 0 0 -1 -1 1 0.1 0 22 -1 0 0 0 
Indices: 0 1 2 2 3 0 4 5 6 6 7 4 8 9 10 10 11 8 12 13 14 14 15 12 16 17 18 18 19 16 20 21 22 22 23 20 
Cube
Position: -98 36 0
Rotation: 0 0 0
Scale: 49 1 49
TextureIndex: 22
VerticesAfterTransformation: 
Index: 24
Invisible: false
CornerPositions: -1 -1 1 0 0 22 0 0 1 0 1 -1 1 0.1 0 22 0 0 1 0 1 1 1 0.1 0.1 22 0 0 1 0 -1 1 1 0 0.1 22 0 0 1 0 -1 -1 -1 0 0 22 0 0 -1 0 1 -1 -1 0.1 0 22 0 0 -1 0 1 1 -1 0.1 0.1 22 0 0 -1 0 -1 1 -1 0 0.1 22 0 0 -1 0 -1 1 -1 0 0 22 0 1 0 0 1 1 -1 0.1 0 22 0 1 0 0 1 1 1 0.1 0.1 22 0 1 0 0 -1 1 1 0 0.1 22 0 1 0 0 -1 -1 -1 0 0 22 0 -1 0 0 1 -1 -1 0.1 0 22 0 -1 0 0 1 -1 1 0.1 0.1 22 0 -1 0 0 -1 -1 1 0 0.1 22 0 -1 0 0 1 -1 -1 0 0 22 1 0 0 0 1 1 -1 0 0.1 22 1 0 0 0 1 1 1 0.1 0.1 22 1 0 0 0 1 -1 1 0.1 0 22 1 0 0 0 -1 -1 -1 0 0 22 -1 0 0 0 -1 1 -1 0 0.1 22 -1 0 0 0 -1 1 1 0.1 0.1 22 -1 0 0 0 -1 -1 1 0.1 0 22 -1 0 0 0 
Indices: 0 1 2 2 3 0 4 5 6 6 7 4 8 9 10 10 11 8 12 13 14 14 15 12 16 17 18 18 19 16 20 21 22 22 23 20 
Cube
Position: 49 13 45
Rotation: 0 0 0
Scale: 4 1 4
TextureIndex: 22
VerticesAfterTransformation: 
Index: 25
Invisible: false
CornerPositions: -1 -1 1 0 0 22 0 0 1 0 1 -1 1 0.1 0 22 0 0 1 0 1 1 1 0.1 0.1 22 0 0 1 0 -1 1 1 0 0.1 22 0 0 1 0 -1 -1 -1 0 0 22 0 0 -1 0 1 -1 -1 0.1 0 22 0 0 -1 0 1 1 -1 0.1 0.1 22 0 0 -1 0 -1 1 -1 0 0.1 22 0 0 -1 0 -1 1 -1 0 0 22 0 1 0 0 1 1 -1 0.1 0 22 0 1 0 0 1 1 1 0.1 0.1 22 0 1 0 0 -1 1 1 0 0.1 22 0 1 0 0 -1 -1 -1 0 0 22 0 -1 0 0 1 -1 -1 0.1 0 22 0 -1 0 0 1 -1 1 0.1 0.1 22 0 -1 0 0 -1 -1 1 0 0.1 22 0 -1 0 0 1 -1 -1 0 0 22 1 0 0 0 1 1 -1 0 0.1 22 1 0 0 0 1 1 1 0.1 0.1 22 1 0 0 0 1 -1 1 0.1 0 22 1 0 0 0 -1 -1 -1 0 0 22 -1 0 0 0 -1 1 -1 0 0.1 22 -1 0 0 0 -1 1 1 0.1 0.1 22 -1 0 0 0 -1 -1 1 0.1 0 22 -1 0 0 0 
Indices: 0 1 2 2 3 0 4 5 6 6 7 4 8 9 10 10 11 8 12 13 14 14 15 12 16 17 18 18 19 16 20 21 22 22 23 20 
Cube
Position: 48 34 45
Rotation: 0 0 0
Scale: 4 1 4
TextureIndex: 22
VerticesAfterTransformation: 
Index: 26
Invisible: false
CornerPositions: -1 -1 1 0 0 22 0 0 1 0 1 -1 1 0.1 0 22 0 0 1 0 1 1 1 0.1 0.1 22 0 0 1 0 -1 1 1 0 0.1 22 0 0 1 0 -1 -1 -1 0 0 22 0 0 -1 0 1 -1 -1 0.1 0 22 0 0 -1 0 1 1 -1 0.1 0.1 22 0 0 -1 0 -1 1 -1 0 0.1 22 0 0 -1 0 -1 1 -1 0 0 22 0 1 0 0 1 1 -1 0.1 0 22 0 1 0 0 1 1 1 0.1 0.1 22 0 1 0 0 -1 1 1 0 0.1 22 0 1 0 0 -1 -1 -1 0 0 22 0 -1 0 0 1 -1 -1 0.1 0 22 0 -1 0 0 1 -1 1 0.1 0.1 22 0 -1 0 0 -1 -1 1 0 0.1 22 0 -1 0 0 1 -1 -1 0 0 22 1 0 0 0 1 1 -1 0 0.1 22 1 0 0 0 1 1 1 0.1 0.1 22 1 0 0 0 1 -1 1 0.1 0 22 1 0 0 0 -1 -1 -1 0 0 22 -1 0 0 0 -1 1 -1 0 0.1 22 -1 0 0 0 -1 1 1 0.1 0.1 22 -1 0 0 0 -1 -1 1 0.1 0 22 -1 0 0 0 
Indices: 0 1 2 2 3 0 4 5 6 6 7 4 8 9 10 10 11 8 12 13 14 14 15 12 16 17 18 18 19 16 20 21 22 22 23 20 
Cube
Position: 57 13 45
Rotation: 0 0 0
Scale: 4 1 4
TextureIndex: 22
VerticesAfterTransformation: 
Index: 27
Invisible: false
CornerPositions: -1 -1 1 0 0 22 0 0 1 0 1 -1 1 0.1 0 22 0 0 1 0 1 1 1 0.1 0.1 22 0 0 1 0 -1 1 1 0 0.1 22 0 0 1 0 -1 -1 -1 0 0 22 0 0 -1 0 1 -1 -1 0.1 0 22 0 0 -1 0 1 1 -1 0.1 0.1 22 0 0 -1 0 -1 1 -1 0 0.1 22 0 0 -1 0 -1 1 -1 0 0 22 0 1 0 0 1 1 -1 0.1 0 22 0 1 0 0 1 1 1 0.1 0.1 22 0 1 0 0 -1 1 1 0 0.1 22 0 1 0 0 -1 -1 -1 0 0 22 0 -1 0 0 1 -1 -1 0.1 0 22 0 -1 0 0 1 -1 1 0.1 0.1 22 0 -1 0 0 -1 -1 1 0 0.1 22 0 -1 0 0 1 -1 -1 0 0 22 1 0 0 0 1 1 -1 0 0.1 22 1 0 0 0 1 1 1 0.1 0.1 22 1 0 0 0 1 -1 1 0.1 0 22 1 0 0 0 -1 -1 -1 0 0 22 -1 0 0 0 -1 1 -1 0 0.1 22 -1 0 0 0 -1 1 1 0.1 0.1 22 -1 0 0 0 -1 -1 1 0.1 0 22 -1 0 0 0 
Indices: 0 1 2 2 3 0 4 5 6 6 7 4 8 9 10 10 11 8 12 13 14 14 15 12 16 17 18 18 19 16 20 21 22 22 23 20 
Cube
Position: 65 13 45
Rotation: 0 0 0
Scale: 4 1 4
TextureIndex: 22
VerticesAfterTransformation: 
Index: 28
Invisible: false
CornerPositions: -1 -1 1 0 0 22 0 0 1 0 1 -1 1 0.1 0 22 0 0 1 0 1 1 1 0.1 0.1 22 0 0 1 0 -1 1 1 0 0.1 22 0 0 1 0 -1 -1 -1 0 0 22 0 0 -1 0 1 -1 -1 0.1 0 22 0 0 -1 0 1 1 -1 0.1 0.1 22 0 0 -1 0 -1 1 -1 0 0.1 22 0 0 -1 0 -1 1 -1 0 0 22 0 1 0 0 1 1 -1 0.1 0 22 0 1 0 0 1 1 1 0.1 0.1 22 0 1 0 0 -1 1 1 0 0.1 22 0 1 0 0 -1 -1 -1 0 0 22 0 -1 0 0 1 -1 -1 0.1 0 22 0 -1 0 0 1 -1 1 0.1 0.1 22 0 -1 0 0 -1 -1 1 0 0.1 22 0 -1 0 0 1 -1 -1 0 0 22 1 0 0 0 1 1 -1 0 0.1 22 1 0 0 0 1 1 1 0.1 0.1 22 1 0 0 0 1 -1 1 0.1 0 22 1 0 0 0 -1 -1 -1 0 0 22 -1 0 0 0 -1 1 -1 0 0.1 22 -1 0 0 0 -1 1 1 0.1 0.1 22 -1 0 0 0 -1 -1 1 0.1 0 22 -1 0 0 0 
Indices: 0 1 2 2 3 0 4 5 6 6 7 4 8 9 10 10 11 8 12 13 14 14 15 12 16 17 18 18 19 16 20 21 22 22 23 20 
Cube
Position: 73 13 45
Rotation: 0 0 0
Scale: 4 1 4
TextureIndex: 22
VerticesAfterTransformation: 
Index: 29
Invisible: false
CornerPositions: -1 -1 1 0 0 22 0 0 1 0 1 -1 1 0.1 0 22 0 0 1 0 1 1 1 0.1 0.1 22 0 0 1 0 -1 1 1 0 0.1 22 0 0 1 0 -1 -1 -1 0 0 22 0 0 -1 0 1 -1 -1 0.1 0 22 0 0 -1 0 1 1 -1 0.1 0.1 22 0 0 -1 0 -1 1 -1 0 0.1 22 0 0 -1 0 -1 1 -1 0 0 22 0 1 0 0 1 1 -1 0.1 0 22 0 1 0 0 1 1 1 0.1 0.1 22 0 1 0 0 -1 1 1 0 0.1 22 0 1 0 0 -1 -1 -1 0 0 22 0 -1 0 0 1 -1 -1 0.1 0 22 0 -1 0 0 1 -1 1 0.1 0.1 22 0 -1 0 0 -1 -1 1 0 0.1 22 0 -1 0 0 1 -1 -1 0 0 22 1 0 0 0 1 1 -1 0 0.1 22 1 0 0 0 1 1 1 0.1 0.1 22 1 0 0 0 1 -1 1 0.1 0 22 1 0 0 0 -1 -1 -1 0 0 22 -1 0 0 0 -1 1 -1 0 0.1 22 -1 0 0 0 -1 1 1 0.1 0.1 22 -1 0 0 0 -1 -1 1 0.1 0 22 -1 0 0 0 
Indices: 0 1 2 2 3 0 4 5 6 6 7 4 8 9 10 10 11 8 12 13 14 14 15 12 16 17 18 18 19 16 20 21 22 22 23 20 
Cube
Position: 81 13 45
Rotation: 0 0 0
Scale: 4 1 4
TextureIndex: 22
VerticesAfterTransformation: 
Index: 30
Invisible: false
CornerPositions: -1 -1 1 0 0 22 0 0 1 0 1 -1 1 0.1 0 22 0 0 1 0 1 1 1 0.1 0.1 22 0 0 1 0 -1 1 1 0 0.1 22 0 0 1 0 -1 -1 -1 0 0 22 0 0 -1 0 1 -1 -1 0.1 0 22 0 0 -1 0 1 1 -1 0.1 0.1 22 0 0 -1 0 -1 1 -1 0 0.1 22 0 0 -1 0 -1 1 -1 0 0 22 0 1 0 0 1 1 -1 0.1 0 22 0 1 0 0 1 1 1 0.1 0.1 22 0 1 0 0 -1 1 1 0 0.1 22 0 1 0 0 -1 -1 -1 0 0 22 0 -1 0 0 1 -1 -1 0.1 0 22 0 -1 0 0 1 -1 1 0.1 0.1 22 0 -1 0 0 -1 -1 1 0 0.1 22 0 -1 0 0 1 -1 -1 0 0 22 1 0 0 0 1 1 -1 0 0.1 22 1 0 0 0 1 1 1 0.1 0.1 22 1 0 0 0 1 -1 1 0.1 0 22 1 0 0 0 -1 -1 -1 0 0 22 -1 0 0 0 -1 1 -1 0 0.1 22 -1 0 0 0 -1 1 1 0.1 0.1 22 -1 0 0 0 -1 -1 1 0.1 0 22 -1 0 0 0 
Indices: 0 1 2 2 3 0 4 5 6 6 7 4 8 9 10 10 11 8 12 13 14 14 15 12 16 17 18 18 19 16 20 21 22 22 23 20 
Cube
Position: -151 31 50
Rotation: 0 0 0
Scale: 4 1 4
TextureIndex: 22
VerticesAfterTransformation: 
Index: 31
Invisible: false
CornerPositions: -1 -1 1 0 0 22 0 0 1 0 1 -1 1 0.1 0 22 0 0 1 0 1 1 1 0.1 0.1 22 0 0 1 0 -1 1 1 0 0.1 22 0 0 1 0 -1 -1 -1 0 0 22 0 0 -1 0 1 -1 -1 0.1 0 22 0 0 -1 0 1 1 -1 0.1 0.1 22 0 0 -1 0 -1 1 -1 0 0.1 22 0 0 -1 0 -1 1 -1 0 0 22 0 1 0 0 1 1 -1 0.1 0 22 0 1 0 0 1 1 1 0.1 0.1 22 0 1 0 0 -1 1 1 0 0.1 22 0 1 0 0 -1 -1 -1 0 0 22 0 -1 0 0 1 -1 -1 0.1 0 22 0 -1 0 0 1 -1 1 0.1 0.1 22 0 -1 0 0 -1 -1 1 0 0.1 22 0 -1 0 0 1 -1 -1 0 0 22 1 0 0 0 1 1 -1 0 0.1 22 1 0 0 0 1 1 1 0.1 0.1 22 1 0 0 0 1 -1 1 0.1 0 22 1 0 0 0 -1 -1 -1 0 0 22 -1 0 0 0 -1 1 -1 0 0.1 22 -1 0 0 0 -1 1 1 0.1 0.1 22 -1 0 0 0 -1 -1 1 0.1 0 22 -1 0 0 0 
Indices: 0 1 2 2 3 0 4 5 6 6 7 4 8 9 10 10 11 8 12 13 14 14 15 12 16 17 18 18 19 16 20 21 22 22 23 20 
Cube
Position: 57 22 50
Rotation: 0 0 0
Scale: 8 8 1
TextureIndex: 22
VerticesAfterTransformation: 
Index: 32
Invisible: false
CornerPositions: -1 -1 1 0 0 22 0 0 1 0 1 -1 1 0.1 0 22 0 0 1 0 1 1 1 0.1 0.1 22 0 0 1 0 -1 1 1 0 0.1 22 0 0 1 0 -1 -1 -1 0 0 22 0 0 -1 0 1 -1 -1 0.1 0 22 0 0 -1 0 1 1 -1 0.1 0.1 22 0 0 -1 0 -1 1 -1 0 0.1 22 0 0 -1 0 -1 1 -1 0 0 22 0 1 0 0 1 1 -1 0.1 0 22 0 1 0 0 1 1 1 0.1 0.1 22 0 1 0 0 -1 1 1 0 0.1 22 0 1 0 0 -1 -1 -1 0 0 22 0 -1 0 0 1 -1 -1 0.1 0 22 0 -1 0 0 1 -1 1 0.1 0.1 22 0 -1 0 0 -1 -1 1 0 0.1 22 0 -1 0 0 1 -1 -1 0 0 22 1 0 0 0 1 1 -1 0 0.1 22 1 0 0 0 1 1 1 0.1 0.1 22 1 0 0 0 1 -1 1 0.1 0 22 1 0 0 0 -1 -1 -1 0 0 22 -1 0 0 0 -1 1 -1 0 0.1 22 -1 0 0 0 -1 1 1 0.1 0.1 22 -1 0 0 0 -1 -1 1 0.1 0 22 -1 0 0 0 
Indices: 0 1 2 2 3 0 4 5 6 6 7 4 8 9 10 10 11 8 12 13 14 14 15 12 16 17 18 18 19 16 20 21 22 22 23 20 
Cube
Position: 57 22 40
Rotation: 0 0 0
Scale: 8 8 1
TextureIndex: 22
VerticesAfterTransformation: 
Index: 33
Invisible: false
CornerPositions: -1 -1 1 0 0 22 0 0 1 0 1 -1 1 0.1 0 22 0 0 1 0 1 1 1 0.1 0.1 22 0 0 1 0 -1 1 1 0 0.1 22 0 0 1 0 -1 -1 -1 0 0 22 0 0 -1 0 1 -1 -1 0.1 0 22 0 0 -1 0 1 1 -1 0.1 0.1 22 0 0 -1 0 -1 1 -1 0 0.1 22 0 0 -1 0 -1 1 -1 0 0 22 0 1 0 0 1 1 -1 0.1 0 22 0 1 0 0 1 1 1 0.1 0.1 22 0 1 0 0 -1 1 1 0 0.1 22 0 1 0 0 -1 -1 -1 0 0 22 0 -1 0 0 1 -1 -1 0.1 0 22 0 -1 0 0 1 -1 1 0.1 0.1 22 0 -1 0 0 -1 -1 1 0 0.1 22 0 -1 0 0 1 -1 -1 0 0 22 1 0 0 0 1 1 -1 0 0.1 22 1 0 0 0 1 1 1 0.1 0.1 22 1 0 0 0 1 -1 1 0.1 0 22 1 0 0 0 -1 -1 -1 0 0 22 -1 0 0 0 -1 1 -1 0 0.1 22 -1 0 0 0 -1 1 1 0.1 0.1 22 -1 0 0 0 -1 -1 1 0.1 0 22 -1 0 0 0 
Indices: 0 1 2 2 3 0 4 5 6 6 7 4 8 9 10 10 11 8 12 13 14 14 15 12 16 17 18 18 19 16 20 21 22 22 23 20 
Cube
Position: 73 22 40
Rotation: 0 0 0
Scale: 8 8 1
TextureIndex: 22
VerticesAfterTransformation: 
Index: 34
Invisible: false
CornerPositions: -1 -1 1 0 0 22 0 0 1 0 1 -1 1 0.1 0 22 0 0 1 0 1 1 1 0.1 0.1 22 0 0 1 0 -1 1 1 0 0.1 22 0 0 1 0 -1 -1 -1 0 0 22 0 0 -1 0 1 -1 -1 0.1 0 22 0 0 -1 0 1 1 -1 0.1 0.1 22 0 0 -1 0 -1 1 -1 0 0.1 22 0 0 -1 0 -1 1 -1 0 0 22 0 1 0 0 1 1 -1 0.1 0 22 0 1 0 0 1 1 1 0.1 0.1 22 0 1 0 0 -1 1 1 0 0.1 22 0 1 0 0 -1 -1 -1 0 0 22 0 -1 0 0 1 -1 -1 0.1 0 22 0 -1 0 0 1 -1 1 0.1 0.1 22 0 -1 0 0 -1 -1 1 0 0.1 22 0 -1 0 0 1 -1 -1 0 0 22 1 0 0 0 1 1 -1 0 0.1 22 1 0 0 0 1 1 1 0.1 0.1 22 1 0 0 0 1 -1 1 0.1 0 22 1 0 0 0 -1 -1 -1 0 0 22 -1 0 0 0 -1 1 -1 0 0.1 22 -1 0 0 0 -1 1 1 0.1 0.1 22 -1 0 0 0 -1 -1 1 0.1 0 22 -1 0 0 0 
Indices: 0 1 2 2 3 0 4 5 6 6 7 4 8 9 10 10 11 8 12 13 14 14 15 12 16 17 18 18 19 16 20 21 22 22 23 20 
Cube
Position: 89 22 40
Rotation: 0 0 0
Scale: 8 8 1
TextureIndex: 22
VerticesAfterTransformation: 
Index: 35
Invisible: false
CornerPositions: -1 -1 1 0 0 22 0 0 1 0 1 -1 1 0.1 0 22 0 0 1 0 1 1 1 0.1 0.1 22 0 0 1 0 -1 1 1 0 0.1 22 0 0 1 0 -1 -1 -1 0 0 22 0 0 -1 0 1 -1 -1 0.1 0 22 0 0 -1 0 1 1 -1 0.1 0.1 22 0 0 -1 0 -1 1 -1 0 0.1 22 0 0 -1 0 -1 1 -1 0 0 22 0 1 0 0 1 1 -1 0.1 0 22 0 1 0 0 1 1 1 0.1 0.1 22 0 1 0 0 -1 1 1 0 0.1 22 0 1 0 0 -1 -1 -1 0 0 22 0 -1 0 0 1 -1 -1 0.1 0 22 0 -1 0 0 1 -1 1 0.1 0.1 22 0 -1 0 0 -1 -1 1 0 0.1 22 0 -1 0 0 1 -1 -1 0 0 22 1 0 0 0 1 1 -1 0 0.1 22 1 0 0 0 1 1 1 0.1 0.1 22 1 0 0 0 1 -1 1 0.1 0 22 1 0 0 0 -1 -1 -1 0 0 22 -1 0 0 0 -1 1 -1 0 0.1 22 -1 0 0 0 -1 1 1 0.1 0.1 22 -1 0 0 0 -1 -1 1 0.1 0 22 -1 0 0 0 
Indices: 0 1 2 2 3 0 4 5 6 6 7 4 8 9 10 10 11 8 12 13 14 14 15 12 16 17 18 18 19 16 20 21 22 22 23 20 
Cube
Position: 73 22 50
Rotation: 0 0 0
Scale: 8 8 1
TextureIndex: 22
VerticesAfterTransformation: 
Index: 36
Invisible: false
CornerPositions: -1 -1 1 0 0 22 0 0 1 0 1 -1 1 0.1 0 22 0 0 1 0 1 1 1 0.1 0.1 22 0 0 1 0 -1 1 1 0 0.1 22 0 0 1 0 -1 -1 -1 0 0 22 0 0 -1 0 1 -1 -1 0.1 0 22 0 0 -1 0 1 1 -1 0.1 0.1 22 0 0 -1 0 -1 1 -1 0 0.1 22 0 0 -1 0 -1 1 -1 0 0 22 0 1 0 0 1 1 -1 0.1 0 22 0 1 0 0 1 1 1 0.1 0.1 22 0 1 0 0 -1 1 1 0 0.1 22 0 1 0 0 -1 -1 -1 0 0 22 0 -1 0 0 1 -1 -1 0.1 0 22 0 -1 0 0 1 -1 1 0.1 0.1 22 0 -1 0 0 -1 -1 1 0 0.1 22 0 -1 0 0 1 -1 -1 0 0 22 1 0 0 0 1 1 -1 0 0.1 22 1 0 0 0 1 1 1 0.1 0.1 22 1 0 0 0 1 -1 1 0.1 0 22 1 0 0 0 -1 -1 -1 0 0 22 -1 0 0 0 -1 1 -1 0 0.1 22 -1 0 0 0 -1 1 1 0.1 0.1 22 -1 0 0 0 -1 -1 1 0.1 0 22 -1 0 0 0 
Indices: 0 1 2 2 3 0 4 5 6 6 7 4 8 9 10 10 11 8 12 13 14 14 15 12 16 17 18 18 19 16 20 21 22 22 23 20 
Cube
Position: 89 22 50
Rotation: 0 0 0
Scale: 8 8 1
TextureIndex: 22
VerticesAfterTransformation: 
Index: 37
Invisible: false
CornerPositions: -1 -1 1 0 0 22 0 0 1 0 1 -1 1 0.1 0 22 0 0 1 0 1 1 1 0.1 0.1 22 0 0 1 0 -1 1 1 0 0.1 22 0 0 1 0 -1 -1 -1 0 0 22 0 0 -1 0 1 -1 -1 0.1 0 22 0 0 -1 0 1 1 -1 0.1 0.1 22 0 0 -1 0 -1 1 -1 0 0.1 22 0 0 -1 0 -1 1 -1 0 0 22 0 1 0 0 1 1 -1 0.1 0 22 0 1 0 0 1 1 1 0.1 0.1 22 0 1 0 0 -1 1 1 0 0.1 22 0 1 0 0 -1 -1 -1 0 0 22 0 -1 0 0 1 -1 -1 0.1 0 22 0 -1 0 0 1 -1 1 0.1 0.1 22 0 -1 0 0 -1 -1 1 0 0.1 22 0 -1 0 0 1 -1 -1 0 0 22 1 0 0 0 1 1 -1 0 0.1 22 1 0 0 0 1 1 1 0.1 0.1 22 1 0 0 0 1 -1 1 0.1 0 22 1 0 0 0 -1 -1 -1 0 0 22 -1 0 0 0 -1 1 -1 0 0.1 22 -1 0 0 0 -1 1 1 0.1 0.1 22 -1 0 0 0 -1 -1 1 0.1 0 22 -1 0 0 0 
Indices: 0 1 2 2 3 0 4 5 6 6 7 4 8 9 10 10 11 8 12 13 14 14 15 12 16 17 18 18 19 16 20 21 22 22 23 20 
Cube
Position: 53 31 45
Rotation: 0 0 0
Scale: 4 1 4
TextureIndex: 22
VerticesAfterTransformation: 
Index: 38
Invisible: false
CornerPositions: -1 -1 1 0 0 22 0 0 1 0 1 -1 1 0.1 0 22 0 0 1 0 1 1 1 0.1 0.1 22 0 0 1 0 -1 1 1 0 0.1 22 0 0 1 0 -1 -1 -1 0 0 22 0 0 -1 0 1 -1 -1 0.1 0 22 0 0 -1 0 1 1 -1 0.1 0.1 22 0 0 -1 0 -1 1 -1 0 0.1 22 0 0 -1 0 -1 1 -1 0 0 22 0 1 0 0 1 1 -1 0.1 0 22 0 1 0 0 1 1 1 0.1 0.1 22 0 1 0 0 -1 1 1 0 0.1 22 0 1 0 0 -1 -1 -1 0 0 22 0 -1 0 0 1 -1 -1 0.1 0 22 0 -1 0 0 1 -1 1 0.1 0.1 22 0 -1 0 0 -1 -1 1 0 0.1 22 0 -1 0 0 1 -1 -1 0 0 22 1 0 0 0 1 1 -1 0 0.1 22 1 0 0 0 1 1 1 0.1 0.1 22 1 0 0 0 1 -1 1 0.1 0 22 1 0 0 0 -1 -1 -1 0 0 22 -1 0 0 0 -1 1 -1 0 0.1 22 -1 0 0 0 -1 1 1 0.1 0.1 22 -1 0 0 0 -1 -1 1 0.1 0 22 -1 0 0 0 
Indices: 0 1 2 2 3 0 4 5 6 6 7 4 8 9 10 10 11 8 12 13 14 14 15 12 16 17 18 18 19 16 20 21 22 22 23 20 
Cube
Position: 61 31 45
Rotation: 0 0 0
Scale: 4 1 4
TextureIndex: 22
VerticesAfterTransformation: 
Index: 39
Invisible: false
CornerPositions: -1 -1 1 0 0 22 0 0 1 0 1 -1 1 0.1 0 22 0 0 1 0 1 1 1 0.1 0.1 22 0 0 1 0 -1 1 1 0 0.1 22 0 0 1 0 -1 -1 -1 0 0 22 0 0 -1 0 1 -1 -1 0.1 0 22 0 0 -1 0 1 1 -1 0.1 0.1 22 0 0 -1 0 -1 1 -1 0 0.1 22 0 0 -1 0 -1 1 -1 0 0 22 0 1 0 0 1 1 -1 0.1 0 22 0 1 0 0 1 1 1 0.1 0.1 22 0 1 0 0 -1 1 1 0 0.1 22 0 1 0 0 -1 -1 -1 0 0 22 0 -1 0 0 1 -1 -1 0.1 0 22 0 -1 0 0 1 -1 1 0.1 0.1 22 0 -1 0 0 -1 -1 1 0 0.1 22 0 -1 0 0 1 -1 -1 0 0 22 1 0 0 0 1 1 -1 0 0.1 22 1 0 0 0 1 1 1 0.1 0.1 22 1 0 0 0 1 -1 1 0.1 0 22 1 0 0 0 -1 -1 -1 0 0 22 -1 0 0 0 -1 1 -1 0 0.1 22 -1 0 0 0 -1 1 1 0.1 0.1 22 -1 0 0 0 -1 -1 1 0.1 0 22 -1 0 0 0 
Indices: 0 1 2 2 3 0 4 5 6 6 7 4 8 9 10 10 11 8 12 13 14 14 15 12 16 17 18 18 19 16 20 21 22 22 23 20 
Cube
Position: 69 31 45
Rotation: 0 0 0
Scale: 4 1 4
TextureIndex: 22
VerticesAfterTransformation: 
Index: 40
Invisible: false
CornerPositions: -1 -1 1 0 0 22 0 0 1 0 1 -1 1 0.1 0 22 0 0 1 0 1 1 1 0.1 0.1 22 0 0 1 0 -1 1 1 0 0.1 22 0 0 1 0 -1 -1 -1 0 0 22 0 0 -1 0 1 -1 -1 0.1 0 22 0 0 -1 0 1 1 -1 0.1 0.1 22 0 0 -1 0 -1 1 -1 0 0.1 22 0 0 -1 0 -1 1 -1 0 0 22 0 1 0 0 1 1 -1 0.1 0 22 0 1 0 0 1 1 1 0.1 0.1 22 0 1 0 0 -1 1 1 0 0.1 22 0 1 0 0 -1 -1 -1 0 0 22 0 -1 0 0 1 -1 -1 0.1 0 22 0 -1 0 0 1 -1 1 0.1 0.1 22 0 -1 0 0 -1 -1 1 0 0.1 22 0 -1 0 0 1 -1 -1 0 0 22 1 0 0 0 1 1 -1 0 0.1 22 1 0 0 0 1 1 1 0.1 0.1 22 1 0 0 0 1 -1 1 0.1 0 22 1 0 0 0 -1 -1 -1 0 0 22 -1 0 0 0 -1 1 -1 0 0.1 22 -1 0 0 0 -1 1 1 0.1 0.1 22 -1 0 0 0 -1 -1 1 0.1 0 22 -1 0 0 0 
Indices: 0 1 2 2 3 0 4 5 6 6 7 4 8 9 10 10 11 8 12 13 14 14 15 12 16 17 18 18 19 16 20 21 22 22 23 20 
Cube
Position: 77 31 45
Rotation: 0 0 0
Scale: 4 1 4
TextureIndex: 22
VerticesAfterTransformation: 
Index: 41
Invisible: false
CornerPositions: -1 -1 1 0 0 22 0 0 1 0 1 -1 1 0.1 0 22 0 0 1 0 1 1 1 0.1 0.1 22 0 0 1 0 -1 1 1 0 0.1 22 0 0 1 0 -1 -1 -1 0 0 22 0 0 -1 0 1 -1 -1 0.1 0 22 0 0 -1 0 1 1 -1 0.1 0.1 22 0 0 -1 0 -1 1 -1 0 0.1 22 0 0 -1 0 -1 1 -1 0 0 22 0 1 0 0 1 1 -1 0.1 0 22 0 1 0 0 1 1 1 0.1 0.1 22 0 1 0 0 -1 1 1 0 0.1 22 0 1 0 0 -1 -1 -1 0 0 22 0 -1 0 0 1 -1 -1 0.1 0 22 0 -1 0 0 1 -1 1 0.1 0.1 22 0 -1 0 0 -1 -1 1 0 0.1 22 0 -1 0 0 1 -1 -1 0 0 22 1 0 0 0 1 1 -1 0 0.1 22 1 0 0 0 1 1 1 0.1 0.1 22 1 0 0 0 1 -1 1 0.1 0 22 1 0 0 0 -1 -1 -1 0 0 22 -1 0 0 0 -1 1 -1 0 0.1 22 -1 0 0 0 -1 1 1 0.1 0.1 22 -1 0 0 0 -1 -1 1 0.1 0 22 -1 0 0 0 
Indices: 0 1 2 2 3 0 4 5 6 6 7 4 8 9 10 10 11 8 12 13 14 14 15 12 16 17 18 18 19 16 20 21 22 22 23 20 
Cube
Position: 85 31 45
Rotation: 0 0 0
Scale: 4 1 4
TextureIndex: 22
VerticesAfterTransformation: 
Index: 42
Invisible: false
CornerPositions: -1 -1 1 0 0 22 0 0 1 0 1 -1 1 0.1 0 22 0 0 1 0 1 1 1 0.1 0.1 22 0 0 1 0 -1 1 1 0 0.1 22 0 0 1 0 -1 -1 -1 0 0 22 0 0 -1 0 1 -1 -1 0.1 0 22 0 0 -1 0 1 1 -1 0.1 0.1 22 0 0 -1 0 -1 1 -1 0 0.1 22 0 0 -1 0 -1 1 -1 0 0 22 0 1 0 0 1 1 -1 0.1 0 22 0 1 0 0 1 1 1 0.1 0.1 22 0 1 0 0 -1 1 1 0 0.1 22 0 1 0 0 -1 -1 -1 0 0 22 0 -1 0 0 1 -1 -1 0.1 0 22 0 -1 0 0 1 -1 1 0.1 0.1 22 0 -1 0 0 -1 -1 1 0 0.1 22 0 -1 0 0 1 -1 -1 0 0 22 1 0 0 0 1 1 -1 0 0.1 22 1 0 0 0 1 1 1 0.1 0.1 22 1 0 0 0 1 -1 1 0.1 0 22 1 0 0 0 -1 -1 -1 0 0 22 -1 0 0 0 -1 1 -1 0 0.1 22 -1 0 0 0 -1 1 1 0.1 0.1 22 -1 0 0 0 -1 -1 1 0.1 0 22 -1 0 0 0 
Indices: 0 1 2 2 3 0 4 5 6 6 7 4 8 9 10 10 11 8 12 13 14 14 15 12 16 17 18 18 19 16 20 21 22 22 23 20 
Cube
Position: 93 31 45
Rotation: 0 0 0
Scale: 4 1 4
TextureIndex: 22
VerticesAfterTransformation: 
Index: 43
Invisible: false
CornerPositions: -1 -1 1 0 0 22 0 0 1 0 1 -1 1 0.1 0 22 0 0 1 0 1 1 1 0.1 0.1 22 0 0 1 0 -1 1 1 0 0.1 22 0 0 1 0 -1 -1 -1 0 0 22 0 0 -1 0 1 -1 -1 0.1 0 22 0 0 -1 0 1 1 -1 0.1 0.1 22 0 0 -1 0 -1 1 -1 0 0.1 22 0 0 -1 0 -1 1 -1 0 0 22 0 1 0 0 1 1 -1 0.1 0 22 0 1 0 0 1 1 1 0.1 0.1 22 0 1 0 0 -1 1 1 0 0.1 22 0 1 0 0 -1 -1 -1 0 0 22 0 -1 0 0 1 -1 -1 0.1 0 22 0 -1 0 0 1 -1 1 0.1 0.1 22 0 -1 0 0 -1 -1 1 0 0.1 22 0 -1 0 0 1 -1 -1 0 0 22 1 0 0 0 1 1 -1 0 0.1 22 1 0 0 0 1 1 1 0.1 0.1 22 1 0 0 0 1 -1 1 0.1 0 22 1 0 0 0 -1 -1 -1 0 0 22 -1 0 0 0 -1 1 -1 0 0.1 22 -1 0 0 0 -1 1 1 0.1 0.1 22 -1 0 0 0 -1 -1 1 0.1 0 22 -1 0 0 0 
Indices: 0 1 2 2 3 0 4 5 6 6 7 4 8 9 10 10 11 8 12 13 14 14 15 12 16 17 18 18 19 16 20 21 22 22 23 20 
Cube
Position: 98 22 45
Rotation: 0 0 0
Scale: 1 8 8
TextureIndex: 22
VerticesAfterTransformation: 
Index: 44
Invisible: false
CornerPositions: -1 -1 1 0 0 22 0 0 1 0 1 -1 1 0.1 0 22 0 0 1 0 1 1 1 0.1 0.1 22 0 0 1 0 -1 1 1 0 0.1 22 0 0 1 0 -1 -1 -1 0 0 22 0 0 -1 0 1 -1 -1 0.1 0 22 0 0 -1 0 1 1 -1 0.1 0.1 22 0 0 -1 0 -1 1 -1 0 0.1 22 0 0 -1 0 -1 1 -1 0 0 22 0 1 0 0 1 1 -1 0.1 0 22 0 1 0 0 1 1 1 0.1 0.1 22 0 1 0 0 -1 1 1 0 0.1 22 0 1 0 0 -1 -1 -1 0 0 22 0 -1 0 0 1 -1 -1 0.1 0 22 0 -1 0 0 1 -1 1 0.1 0.1 22 0 -1 0 0 -1 -1 1 0 0.1 22 0 -1 0 0 1 -1 -1 0 0 22 1 0 0 0 1 1 -1 0 0.1 22 1 0 0 0 1 1 1 0.1 0.1 22 1 0 0 0 1 -1 1 0.1 0 22 1 0 0 0 -1 -1 -1 0 0 22 -1 0 0 0 -1 1 -1 0 0.1 22 -1 0 0 0 -1 1 1 0.1 0.1 22 -1 0 0 0 -1 -1 1 0.1 0 22 -1 0 0 0 
Indices: 0 1 2 2 3 0 4 5 6 6 7 4 8 9 10 10 11 8 12 13 14 14 15 12 16 17 18 18 19 16 20 21 22 22 23 20 
Cube
Position: 89 6 40
Rotation: 0 0 0
Scale: 8 8 1
TextureIndex: 22
VerticesAfterTransformation: 
Index: 45
Invisible: false
CornerPositions: -1 -1 1 0 0 22 0 0 1 0 1 -1 1 0.1 0 22 0 0 1 0 1 1 1 0.1 0.1 22 0 0 1 0 -1 1 1 0 0.1 22 0 0 1 0 -1 -1 -1 0 0 22 0 0 -1 0 1 -1 -1 0.1 0 22 0 0 -1 0 1 1 -1 0.1 0.1 22 0 0 -1 0 -1 1 -1 0 0.1 22 0 0 -1 0 -1 1 -1 0 0 22 0 1 0 0 1 1 -1 0.1 0 22 0 1 0 0 1 1 1 0.1 0.1 22 0 1 0 0 -1 1 1 0 0.1 22 0 1 0 0 -1 -1 -1 0 0 22 0 -1 0 0 1 -1 -1 0.1 0 22 0 -1 0 0 1 -1 1 0.1 0.1 22 0 -1 0 0 -1 -1 1 0 0.1 22 0 -1 0 0 1 -1 -1 0 0 22 1 0 0 0 1 1 -1 0 0.1 22 1 0 0 0 1 1 1 0.1 0.1 22 1 0 0 0 1 -1 1 0.1 0 22 1 0 0 0 -1 -1 -1 0 0 22 -1 0 0 0 -1 1 -1 0 0.1 22 -1 0 0 0 -1 1 1 0.1 0.1 22 -1 0 0 0 -1 -1 1 0.1 0 22 -1 0 0 0 
Indices: 0 1 2 2 3 0 4 5 6 6 7 4 8 9 10 10 11 8 12 13 14 14 15 12 16 17 18 18 19 16 20 21 22 22 23 20 
Cube
Position: 89 -10 40
Rotation: 0 0 0
Scale: 8 8 1
TextureIndex: 22
VerticesAfterTransformation: 
Index: 46
Invisible: false
CornerPositions: -1 -1 1 0 0 22 0 0 1 0 1 -1 1 0.1 0 22 0 0 1 0 1 1 1 0.1 0.1 22 0 0 1 0 -1 1 1 0 0.1 22 0 0 1 0 -1 -1 -1 0 0 22 0 0 -1 0 1 -1 -1 0.1 0 22 0 0 -1 0 1 1 -1 0.1 0.1 22 0 0 -1 0 -1 1 -1 0 0.1 22 0 0 -1 0 -1 1 -1 0 0 22 0 1 0 0 1 1 -1 0.1 0 22 0 1 0 0 1 1 1 0.1 0.1 22 0 1 0 0 -1 1 1 0 0.1 22 0 1 0 0 -1 -1 -1 0 0 22 0 -1 0 0 1 -1 -1 0.1 0 22 0 -1 0 0 1 -1 1 0.1 0.1 22 0 -1 0 0 -1 -1 1 0 0.1 22 0 -1 0 0 1 -1 -1 0 0 22 1 0 0 0 1 1 -1 0 0.1 22 1 0 0 0 1 1 1 0.1 0.1 22 1 0 0 0 1 -1 1 0.1 0 22 1 0 0 0 -1 -1 -1 0 0 22 -1 0 0 0 -1 1 -1 0 0.1 22 -1 0 0 0 -1 1 1 0.1 0.1 22 -1 0 0 0 -1 -1 1 0.1 0 22 -1 0 0 0 
Indices: 0 1 2 2 3 0 4 5 6 6 7 4 8 9 10 10 11 8 12 13 14 14 15 12 16 17 18 18 19 16 20 21 22 22 23 20 
Cube
Position: 89 -26 40
Rotation: 0 0 0
Scale: 8 8 1
TextureIndex: 22
VerticesAfterTransformation: 
Index: 47
Invisible: false
CornerPositions: -1 -1 1 0 0 22 0 0 1 0 1 -1 1 0.1 0 22 0 0 1 0 1 1 1 0.1 0.1 22 0 0 1 0 -1 1 1 0 0.1 22 0 0 1 0 -1 -1 -1 0 0 22 0 0 -1 0 1 -1 -1 0.1 0 22 0 0 -1 0 1 1 -1 0.1 0.1 22 0 0 -1 0 -1 1 -1 0 0.1 22 0 0 -1 0 -1 1 -1 0 0 22 0 1 0 0 1 1 -1 0.1 0 22 0 1 0 0 1 1 1 0.1 0.1 22 0 1 0 0 -1 1 1 0 0.1 22 0 1 0 0 -1 -1 -1 0 0 22 0 -1 0 0 1 -1 -1 0.1 0 22 0 -1 0 0 1 -1 1 0.1 0.1 22 0 -1 0 0 -1 -1 1 0 0.1 22 0 -1 0 0 1 -1 -1 0 0 22 1 0 0 0 1 1 -1 0 0.1 22 1 0 0 0 1 1 1 0.1 0.1 22 1 0 0 0 1 -1 1 0.1 0 22 1 0 0 0 -1 -1 -1 0 0 22 -1 0 0 0 -1 1 -1 0 0.1 22 -1 0 0 0 -1 1 1 0.1 0.1 22 -1 0 0 0 -1 -1 1 0.1 0 22 -1 0 0 0 
Indices: 0 1 2 2 3 0 4 5 6 6 7 4 8 9 10 10 11 8 12 13 14 14 15 12 16 17 18 18 19 16 20 21 22 22 23 20 
Cube
Position: 89 -42 40
Rotation: 0 0 0
Scale: 8 8 1
TextureIndex: 22
VerticesAfterTransformation: 
Index: 48
Invisible: false
CornerPositions: -1 -1 1 0 0 22 0 0 1 0 1 -1 1 0.1 0 22 0 0 1 0 1 1 1 0.1 0.1 22 0 0 1 0 -1 1 1 0 0.1 22 0 0 1 0 -1 -1 -1 0 0 22 0 0 -1 0 1 -1 -1 0.1 0 22 0 0 -1 0 1 1 -1 0.1 0.1 22 0 0 -1 0 -1 1 -1 0 0.1 22 0 0 -1 0 -1 1 -1 0 0 22 0 1 0 0 1 1 -1 0.1 0 22 0 1 0 0 1 1 1 0.1 0.1 22 0 1 0 0 -1 1 1 0 0.1 22 0 1 0 0 -1 -1 -1 0 0 22 0 -1 0 0 1 -1 -1 0.1 0 22 0 -1 0 0 1 -1 1 0.1 0.1 22 0 -1 0 0 -1 -1 1 0 0.1 22 0 -1 0 0 1 -1 -1 0 0 22 1 0 0 0 1 1 -1 0 0.1 22 1 0 0 0 1 1 1 0.1 0.1 22 1 0 0 0 1 -1 1 0.1 0 22 1 0 0 0 -1 -1 -1 0 0 22 -1 0 0 0 -1 1 -1 0 0.1 22 -1 0 0 0 -1 1 1 0.1 0.1 22 -1 0 0 0 -1 -1 1 0.1 0 22 -1 0 0 0 
Indices: 0 1 2 2 3 0 4 5 6 6 7 4 8 9 10 10 11 8 12 13 14 14 15 12 16 17 18 18 19 16 20 21 22 22 23 20 
Cube
Position: 89 6 50
Rotation: 0 0 0
Scale: 8 8 1
TextureIndex: 22
VerticesAfterTransformation: 
Index: 49
Invisible: false
CornerPositions: -1 -1 1 0 0 22 0 0 1 0 1 -1 1 0.1 0 22 0 0 1 0 1 1 1 0.1 0.1 22 0 0 1 0 -1 1 1 0 0.1 22 0 0 1 0 -1 -1 -1 0 0 22 0 0 -1 0 1 -1 -1 0.1 0 22 0 0 -1 0 1 1 -1 0.1 0.1 22 0 0 -1 0 -1 1 -1 0 0.1 22 0 0 -1 0 -1 1 -1 0 0 22 0 1 0 0 1 1 -1 0.1 0 22 0 1 0 0 1 1 1 0.1 0.1 22 0 1 0 0 -1 1 1 0 0.1 22 0 1 0 0 -1 -1 -1 0 0 22 0 -1 0 0 1 -1 -1 0.1 0 22 0 -1 0 0 1 -1 1 0.1 0.1 22 0 -1 0 0 -1 -1 1 0 0.1 22 0 -1 0 0 1 -1 -1 0 0 22 1 0 0 0 1 1 -1 0 0.1 22 1 0 0 0 1 1 1 0.1 0.1 22 1 0 0 0 1 -1 1 0.1 0 22 1 0 0 0 -1 -1 -1 0 0 22 -1 0 0 0 -1 1 -1 0 0.1 22 -1 0 0 0 -1 1 1 0.1 0.1 22 -1 0 0 0 -1 -1 1 0.1 0 22 -1 0 0 0 
Indices: 0 1 2 2 3 0 4 5 6 6 7 4 8 9 10 10 11 8 12 13 14 14 15 12 16 17 18 18 19 16 20 21 22 22 23 20 
Cube
Position: 89 -10 50
Rotation: 0 0 0
Scale: 8 8 1
TextureIndex: 22
VerticesAfterTransformation: 
Index: 50
Invisible: false
CornerPositions: -1 -1 1 0 0 22 0 0 1 0 1 -1 1 0.1 0 22 0 0 1 0 1 1 1 0.1 0.1 22 0 0 1 0 -1 1 1 0 0.1 22 0 0 1 0 -1 -1 -1 0 0 22 0 0 -1 0 1 -1 -1 0.1 0 22 0 0 -1 0 1 1 -1 0.1 0.1 22 0 0 -1 0 -1 1 -1 0 0.1 22 0 0 -1 0 -1 1 -1 0 0 22 0 1 0 0 1 1 -1 0.1 0 22 0 1 0 0 1 1 1 0.1 0.1 22 0 1 0 0 -1 1 1 0 0.1 22 0 1 0 0 -1 -1 -1 0 0 22 0 -1 0 0 1 -1 -1 0.1 0 22 0 -1 0 0 1 -1 1 0.1 0.1 22 0 -1 0 0 -1 -1 1 0 0.1 22 0 -1 0 0 1 -1 -1 0 0 22 1 0 0 0 1 1 -1 0 0.1 22 1 0 0 0 1 1 1 0.1 0.1 22 1 0 0 0 1 -1 1 0.1 0 22 1 0 0 0 -1 -1 -1 0 0 22 -1 0 0 0 -1 1 -1 0 0.1 22 -1 0 0 0 -1 1 1 0.1 0.1 22 -1 0 0 0 -1 -1 1 0.1 0 22 -1 0 0 0 
Indices: 0 1 2 2 3 0 4 5 6 6 7 4 8 9 10 10 11 8 12 13 14 14 15 12 16 17 18 18 19 16 20 21 22 22 23 20 
Cube
Position: 89 -26 50
Rotation: 0 0 0
Scale: 8 8 1
TextureIndex: 22
VerticesAfterTransformation: 
Index: 51
Invisible: false
CornerPositions: -1 -1 1 0 0 22 0 0 1 0 1 -1 1 0.1 0 22 0 0 1 0 1 1 1 0.1 0.1 22 0 0 1 0 -1 1 1 0 0.1 22 0 0 1 0 -1 -1 -1 0 0 22 0 0 -1 0 1 -1 -1 0.1 0 22 0 0 -1 0 1 1 -1 0.1 0.1 22 0 0 -1 0 -1 1 -1 0 0.1 22 0 0 -1 0 -1 1 -1 0 0 22 0 1 0 0 1 1 -1 0.1 0 22 0 1 0 0 1 1 1 0.1 0.1 22 0 1 0 0 -1 1 1 0 0.1 22 0 1 0 0 -1 -1 -1 0 0 22 0 -1 0 0 1 -1 -1 0.1 0 22 0 -1 0 0 1 -1 1 0.1 0.1 22 0 -1 0 0 -1 -1 1 0 0.1 22 0 -1 0 0 1 -1 -1 0 0 22 1 0 0 0 1 1 -1 0 0.1 22 1 0 0 0 1 1 1 0.1 0.1 22 1 0 0 0 1 -1 1 0.1 0 22 1 0 0 0 -1 -1 -1 0 0 22 -1 0 0 0 -1 1 -1 0 0.1 22 -1 0 0 0 -1 1 1 0.1 0.1 22 -1 0 0 0 -1 -1 1 0.1 0 22 -1 0 0 0 
Indices: 0 1 2 2 3 0 4 5 6 6 7 4 8 9 10 10 11 8 12 13 14 14 15 12 16 17 18 18 19 16 20 21 22 22 23 20 
Cube
Position: 89 -42 50
Rotation: 0 0 0
Scale: 8 8 1
TextureIndex: 22
VerticesAfterTransformation: 
Index: 52
Invisible: false
CornerPositions: -1 -1 1 0 0 22 0 0 1 0 1 -1 1 0.1 0 22 0 0 1 0 1 1 1 0.1 0.1 22 0 0 1 0 -1 1 1 0 0.1 22 0 0 1 0 -1 -1 -1 0 0 22 0 0 -1 0 1 -1 -1 0.1 0 22 0 0 -1 0 1 1 -1 0.1 0.1 22 0 0 -1 0 -1 1 -1 0 0.1 22 0 0 -1 0 -1 1 -1 0 0 22 0 1 0 0 1 1 -1 0.1 0 22 0 1 0 0 1 1 1 0.1 0.1 22 0 1 0 0 -1 1 1 0 0.1 22 0 1 0 0 -1 -1 -1 0 0 22 0 -1 0 0 1 -1 -1 0.1 0 22 0 -1 0 0 1 -1 1 0.1 0.1 22 0 -1 0 0 -1 -1 1 0 0.1 22 0 -1 0 0 1 -1 -1 0 0 22 1 0 0 0 1 1 -1 0 0.1 22 1 0 0 0 1 1 1 0.1 0.1 22 1 0 0 0 1 -1 1 0.1 0 22 1 0 0 0 -1 -1 -1 0 0 22 -1 0 0 0 -1 1 -1 0 0.1 22 -1 0 0 0 -1 1 1 0.1 0.1 22 -1 0 0 0 -1 -1 1 0.1 0 22 -1 0 0 0 
Indices: 0 1 2 2 3 0 4 5 6 6 7 4 8 9 10 10 11 8 12 13 14 14 15 12 16 17 18 18 19 16 20 21 22 22 23 20 
Cube
Position: 98 6 45
Rotation: 0 0 0
Scale: 1 8 8
TextureIndex: 22
VerticesAfterTransformation: 
Index: 53
Invisible: false
CornerPositions: -1 -1 1 0 0 22 0 0 1 0 1 -1 1 0.1 0 22 0 0 1 0 1 1 1 0.1 0.1 22 0 0 1 0 -1 1 1 0 0.1 22 0 0 1 0 -1 -1 -1 0 0 22 0 0 -1 0 1 -1 -1 0.1 0 22 0 0 -1 0 1 1 -1 0.1 0.1 22 0 0 -1 0 -1 1 -1 0 0.1 22 0 0 -1 0 -1 1 -1 0 0 22 0 1 0 0 1 1 -1 0.1 0 22 0 1 0 0 1 1 1 0.1 0.1 22 0 1 0 0 -1 1 1 0 0.1 22 0 1 0 0 -1 -1 -1 0 0 22 0 -1 0 0 1 -1 -1 0.1 0 22 0 -1 0 0 1 -1 1 0.1 0.1 22 0 -1 0 0 -1 -1 1 0 0.1 22 0 -1 0 0 1 -1 -1 0 0 22 1 0 0 0 1 1 -1 0 0.1 22 1 0 0 0 1 1 1 0.1 0.1 22 1 0 0 0 1 -1 1 0.1 0 22 1 0 0 0 -1 -1 -1 0 0 22 -1 0 0 0 -1 1 -1 0 0.1 22 -1 0 0 0 -1 1 1 0.1 0.1 22 -1 0 0 0 -1 -1 1 0.1 0 22 -1 0 0 0 
Indices: 0 1 2 2 3 0 4 5 6 6 7 4 8 9 10 10 11 8 12 13 14 14 15 12 16 17 18 18 19 16 20 21 22 22 23 20 
Cube
Position: 98 -10 45
Rotation: 0 0 0
Scale: 1 8 8
TextureIndex: 22
VerticesAfterTransformation: 
Index: 54
Invisible: false
CornerPositions: -1 -1 1 0 0 22 0 0 1 0 1 -1 1 0.1 0 22 0 0 1 0 1 1 1 0.1 0.1 22 0 0 1 0 -1 1 1 0 0.1 22 0 0 1 0 -1 -1 -1 0 0 22 0 0 -1 0 1 -1 -1 0.1 0 22 0 0 -1 0 1 1 -1 0.1 0.1 22 0 0 -1 0 -1 1 -1 0 0.1 22 0 0 -1 0 -1 1 -1 0 0 22 0 1 0 0 1 1 -1 0.1 0 22 0 1 0 0 1 1 1 0.1 0.1 22 0 1 0 0 -1 1 1 0 0.1 22 0 1 0 0 -1 -1 -1 0 0 22 0 -1 0 0 1 -1 -1 0.1 0 22 0 -1 0 0 1 -1 1 0.1 0.1 22 0 -1 0 0 -1 -1 1 0 0.1 22 0 -1 0 0 1 -1 -1 0 0 22 1 0 0 0 1 1 -1 0 0.1 22 1 0 0 0 1 1 1 0.1 0.1 22 1 0 0 0 1 -1 1 0.1 0 22 1 0 0 0 -1 -1 -1 0 0 22 -1 0 0 0 -1 1 -1 0 0.1 22 -1 0 0 0 -1 1 1 0.1 0.1 22 -1 0 0 0 -1 -1 1 0.1 0 22 -1 0 0 0 
Indices: 0 1 2 2 3 0 4 5 6 6 7 4 8 9 10 10 11 8 12 13 14 14 15 12 16 17 18 18 19 16 20 21 22 22 23 20 
Cube
Position: 98 -26 45
Rotation: 0 0 0
Scale: 1 8 8
TextureIndex: 22
VerticesAfterTransformation: 
Index: 55
Invisible: false
CornerPositions: -1 -1 1 0 0 22 0 0 1 0 1 -1 1 0.1 0 22 0 0 1 0 1 1 1 0.1 0.1 22 0 0 1 0 -1 1 1 0 0.1 22 0 0 1 0 -1 -1 -1 0 0 22 0 0 -1 0 1 -1 -1 0.1 0 22 0 0 -1 0 1 1 -1 0.1 0.1 22 0 0 -1 0 -1 1 -1 0 0.1 22 0 0 -1 0 -1 1 -1 0 0 22 0 1 0 0 1 1 -1 0.1 0 22 0 1 0 0 1 1 1 0.1 0.1 22 0 1 0 0 -1 1 1 0 0.1 22 0 1 0 0 -1 -1 -1 0 0 22 0 -1 0 0 1 -1 -1 0.1 0 22 0 -1 0 0 1 -1 1 0.1 0.1 22 0 -1 0 0 -1 -1 1 0 0.1 22 0 -1 0 0 1 -1 -1 0 0 22 1 0 0 0 1 1 -1 0 0.1 22 1 0 0 0 1 1 1 0.1 0.1 22 1 0 0 0 1 -1 1 0.1 0 22 1 0 0 0 -1 -1 -1 0 0 22 -1 0 0 0 -1 1 -1 0 0.1 22 -1 0 0 0 -1 1 1 0.1 0.1 22 -1 0 0 0 -1 -1 1 0.1 0 22 -1 0 0 0 
Indices: 0 1 2 2 3 0 4 5 6 6 7 4 8 9 10 10 11 8 12 13 14 14 15 12 16 17 18 18 19 16 20 21 22 22 23 20 
Cube
Position: 98 -42 45
Rotation: 0 0 0
Scale: 1 8 8
TextureIndex: 22
VerticesAfterTransformation: 
Index: 56
Invisible: false
CornerPositions: -1 -1 1 0 0 22 0 0 1 0 1 -1 1 0.1 0 22 0 0 1 0 1 1 1 0.1 0.1 22 0 0 1 0 -1 1 1 0 0.1 22 0 0 1 0 -1 -1 -1 0 0 22 0 0 -1 0 1 -1 -1 0.1 0 22 0 0 -1 0 1 1 -1 0.1 0.1 22 0 0 -1 0 -1 1 -1 0 0.1 22 0 0 -1 0 -1 1 -1 0 0 22 0 1 0 0 1 1 -1 0.1 0 22 0 1 0 0 1 1 1 0.1 0.1 22 0 1 0 0 -1 1 1 0 0.1 22 0 1 0 0 -1 -1 -1 0 0 22 0 -1 0 0 1 -1 -1 0.1 0 22 0 -1 0 0 1 -1 1 0.1 0.1 22 0 -1 0 0 -1 -1 1 0 0.1 22 0 -1 0 0 1 -1 -1 0 0 22 1 0 0 0 1 1 -1 0 0.1 22 1 0 0 0 1 1 1 0.1 0.1 22 1 0 0 0 1 -1 1 0.1 0 22 1 0 0 0 -1 -1 -1 0 0 22 -1 0 0 0 -1 1 -1 0 0.1 22 -1 0 0 0 -1 1 1 0.1 0.1 22 -1 0 0 0 -1 -1 1 0.1 0 22 -1 0 0 0 
Indices: 0 1 2 2 3 0 4 5 6 6 7 4 8 9 10 10 11 8 12 13 14 14 15 12 16 17 18 18 19 16 20 21 22 22 23 20 
Cube
Position: 84 4 45
Rotation: 0 0 0
Scale: 1 8 8
TextureIndex: 22
VerticesAfterTransformation: 
Index: 57
Invisible: false
CornerPositions: -1 -1 1 0 0 22 0 0 1 0 1 -1 1 0.1 0 22 0 0 1 0 1 1 1 0.1 0.1 22 0 0 1 0 -1 1 1 0 0.1 22 0 0 1 0 -1 -1 -1 0 0 22 0 0 -1 0 1 -1 -1 0.1 0 22 0 0 -1 0 1 1 -1 0.1 0.1 22 0 0 -1 0 -1 1 -1 0 0.1 22 0 0 -1 0 -1 1 -1 0 0 22 0 1 0 0 1 1 -1 0.1 0 22 0 1 0 0 1 1 1 0.1 0.1 22 0 1 0 0 -1 1 1 0 0.1 22 0 1 0 0 -1 -1 -1 0 0 22 0 -1 0 0 1 -1 -1 0.1 0 22 0 -1 0 0 1 -1 1 0.1 0.1 22 0 -1 0 0 -1 -1 1 0 0.1 22 0 -1 0 0 1 -1 -1 0 0 22 1 0 0 0 1 1 -1 0 0.1 22 1 0 0 0 1 1 1 0.1 0.1 22 1 0 0 0 1 -1 1 0.1 0 22 1 0 0 0 -1 -1 -1 0 0 22 -1 0 0 0 -1 1 -1 0 0.1 22 -1 0 0 0 -1 1 1 0.1 0.1 22 -1 0 0 0 -1 -1 1 0.1 0 22 -1 0 0 0 
Indices: 0 1 2 2 3 0 4 5 6 6 7 4 8 9 10 10 11 8 12 13 14 14 15 12 16 17 18 18 19 16 20 21 22 22 23 20 
Cube
Position: 84 -12 45
Rotation: 0 0 0
Scale: 1 8 8
TextureIndex: 22
VerticesAfterTransformation: 
Index: 58
Invisible: false
CornerPositions: -1 -1 1 0 0 22 0 0 1 0 1 -1 1 0.1 0 22 0 0 1 0 1 1 1 0.1 0.1 22 0 0 1 0 -1 1 1 0 0.1 22 0 0 1 0 -1 -1 -1 0 0 22 0 0 -1 0 1 -1 -1 0.1 0 22 0 0 -1 0 1 1 -1 0.1 0.1 22 0 0 -1 0 -1 1 -1 0 0.1 22 0 0 -1 0 -1 1 -1 0 0 22 0 1 0 0 1 1 -1 0.1 0 22 0 1 0 0 1 1 1 0.1 0.1 22 0 1 0 0 -1 1 1 0 0.1 22 0 1 0 0 -1 -1 -1 0 0 22 0 -1 0 0 1 -1 -1 0.1 0 22 0 -1 0 0 1 -1 1 0.1 0.1 22 0 -1 0 0 -1 -1 1 0 0.1 22 0 -1 0 0 1 -1 -1 0 0 22 1 0 0 0 1 1 -1 0 0.1 22 1 0 0 0 1 1 1 0.1 0.1 22 1 0 0 0 1 -1 1 0.1 0 22 1 0 0 0 -1 -1 -1 0 0 22 -1 0 0 0 -1 1 -1 0 0.1 22 -1 0 0 0 -1 1 1 0.1 0.1 22 -1 0 0 0 -1 -1 1 0.1 0 22 -1 0 0 0 
Indices: 0 1 2 2 3 0 4 5 6 6 7 4 8 9 10 10 11 8 12 13 14 14 15 12 16 17 18 18 19 16 20 21 22 22 23 20 
Cube
Position: 84 -28 45
Rotation: 0 0 0
Scale: 1 8 8
TextureIndex: 22
VerticesAfterTransformation: 
Index: 59
Invisible: false
CornerPositions: -1 -1 1 0 0 22 0 0 1 0 1 -1 1 0.1 0 22 0 0 1 0 1 1 1 0.1 0.1 22 0 0 1 0 -1 1 1 0 0.1 22 0 0 1 0 -1 -1 -1 0 0 22 0 0 -1 0 1 -1 -1 0.1 0 22 0 0 -1 0 1 1 -1 0.1 0.1 22 0 0 -1 0 -1 1 -1 0 0.1 22 0 0 -1 0 -1 1 -1 0 0 22 0 1 0 0 1 1 -1 0.1 0 22 0 1 0 0 1 1 1 0.1 0.1 22 0 1 0 0 -1 1 1 0 0.1 22 0 1 0 0 -1 -1 -1 0 0 22 0 -1 0 0 1 -1 -1 0.1 0 22 0 -1 0 0 1 -1 1 0.1 0.1 22 0 -1 0 0 -1 -1 1 0 0.1 22 0 -1 0 0 1 -1 -1 0 0 22 1 0 0 0 1 1 -1 0 0.1 22 1 0 0 0 1 1 1 0.1 0.1 22 1 0 0 0 1 -1 1 0.1 0 22 1 0 0 0 -1 -1 -1 0 0 22 -1 0 0 0 -1 1 -1 0 0.1 22 -1 0 0 0 -1 1 1 0.1 0.1 22 -1 0 0 0 -1 -1 1 0.1 0 22 -1 0 0 0 
Indices: 0 1 2 2 3 0 4 5 6 6 7 4 8 9 10 10 11 8 12 13 14 14 15 12 16 17 18 18 19 16 20 21 22 22 23 20 
Cube
Position: 84 -44 45
Rotation: 0 0 0
Scale: 1 8 8
TextureIndex: 22
VerticesAfterTransformation: 
Index: 60
Invisible: false
CornerPositions: -1 -1 1 0 0 22 0 0 1 0 1 -1 1 0.1 0 22 0 0 1 0 1 1 1 0.1 0.1 22 0 0 1 0 -1 1 1 0 0.1 22 0 0 1 0 -1 -1 -1 0 0 22 0 0 -1 0 1 -1 -1 0.1 0 22 0 0 -1 0 1 1 -1 0.1 0.1 22 0 0 -1 0 -1 1 -1 0 0.1 22 0 0 -1 0 -1 1 -1 0 0 22 0 1 0 0 1 1 -1 0.1 0 22 0 1 0 0 1 1 1 0.1 0.1 22 0 1 0 0 -1 1 1 0 0.1 22 0 1 0 0 -1 -1 -1 0 0 22 0 -1 0 0 1 -1 -1 0.1 0 22 0 -1 0 0 1 -1 1 0.1 0.1 22 0 -1 0 0 -1 -1 1 0 0.1 22 0 -1 0 0 1 -1 -1 0 0 22 1 0 0 0 1 1 -1 0 0.1 22 1 0 0 0 1 1 1 0.1 0.1 22 1 0 0 0 1 -1 1 0.1 0 22 1 0 0 0 -1 -1 -1 0 0 22 -1 0 0 0 -1 1 -1 0 0.1 22 -1 0 0 0 -1 1 1 0.1 0.1 22 -1 0 0 0 -1 -1 1 0.1 0 22 -1 0 0 0 
Indices: 0 1 2 2 3 0 4 5 6 6 7 4 8 9 10 10 11 8 12 13 14 14 15 12 16 17 18 18 19 16 20 21 22 22 23 20 
Cube
Position: 84 -60 45
Rotation: 0 0 0
Scale: 1 8 8
TextureIndex: 22
VerticesAfterTransformation: 
Index: 61
Invisible: false
CornerPositions: -1 -1 1 0 0 22 0 0 1 0 1 -1 1 0.1 0 22 0 0 1 0 1 1 1 0.1 0.1 22 0 0 1 0 -1 1 1 0 0.1 22 0 0 1 0 -1 -1 -1 0 0 22 0 0 -1 0 1 -1 -1 0.1 0 22 0 0 -1 0 1 1 -1 0.1 0.1 22 0 0 -1 0 -1 1 -1 0 0.1 22 0 0 -1 0 -1 1 -1 0 0 22 0 1 0 0 1 1 -1 0.1 0 22 0 1 0 0 1 1 1 0.1 0.1 22 0 1 0 0 -1 1 1 0 0.1 22 0 1 0 0 -1 -1 -1 0 0 22 0 -1 0 0 1 -1 -1 0.1 0 22 0 -1 0 0 1 -1 1 0.1 0.1 22 0 -1 0 0 -1 -1 1 0 0.1 22 0 -1 0 0 1 -1 -1 0 0 22 1 0 0 0 1 1 -1 0 0.1 22 1 0 0 0 1 1 1 0.1 0.1 22 1 0 0 0 1 -1 1 0.1 0 22 1 0 0 0 -1 -1 -1 0 0 22 -1 0 0 0 -1 1 -1 0 0.1 22 -1 0 0 0 -1 1 1 0.1 0.1 22 -1 0 0 0 -1 -1 1 0.1 0 22 -1 0 0 0 
Indices: 0 1 2 2 3 0 4 5 6 6 7 4 8 9 10 10 11 8 12 13 14 14 15 12 16 17 18 18 19 16 20 21 22 22 23 20 
Cube
Position: 93 -58 40
Rotation: 0 0 0
Scale: 8 8 1
TextureIndex: 22
VerticesAfterTransformation: 
Index: 62
Invisible: false
CornerPositions: -1 -1 1 0 0 22 0 0 1 0 1 -1 1 0.1 0 22 0 0 1 0 1 1 1 0.1 0.1 22 0 0 1 0 -1 1 1 0 0.1 22 0 0 1 0 -1 -1 -1 0 0 22 0 0 -1 0 1 -1 -1 0.1 0 22 0 0 -1 0 1 1 -1 0.1 0.1 22 0 0 -1 0 -1 1 -1 0 0.1 22 0 0 -1 0 -1 1 -1 0 0 22 0 1 0 0 1 1 -1 0.1 0 22 0 1 0 0 1 1 1 0.1 0.1 22 0 1 0 0 -1 1 1 0 0.1 22 0 1 0 0 -1 -1 -1 0 0 22 0 -1 0 0 1 -1 -1 0.1 0 22 0 -1 0 0 1 -1 1 0.1 0.1 22 0 -1 0 0 -1 -1 1 0 0.1 22 0 -1 0 0 1 -1 -1 0 0 22 1 0 0 0 1 1 -1 0 0.1 22 1 0 0 0 1 1 1 0.1 0.1 22 1 0 0 0 1 -1 1 0.1 0 22 1 0 0 0 -1 -1 -1 0 0 22 -1 0 0 0 -1 1 -1 0 0.1 22 -1 0 0 0 -1 1 1 0.1 0.1 22 -1 0 0 0 -1 -1 1 0.1 0 22 -1 0 0 0 
Indices: 0 1 2 2 3 0 4 5 6 6 7 4 8 9 10 10 11 8 12 13 14 14 15 12 16 17 18 18 19 16 20 21 22 22 23 20 
Cube
Position: 93 -58 50
Rotation: 0 0 0
Scale: 8 8 1
TextureIndex: 22
VerticesAfterTransformation: 
Index: 63
Invisible: false
CornerPositions: -1 -1 1 0 0 22 0 0 1 0 1 -1 1 0.1 0 22 0 0 1 0 1 1 1 0.1 0.1 22 0 0 1 0 -1 1 1 0 0.1 22 0 0 1 0 -1 -1 -1 0 0 22 0 0 -1 0 1 -1 -1 0.1 0 22 0 0 -1 0 1 1 -1 0.1 0.1 22 0 0 -1 0 -1 1 -1 0 0.1 22 0 0 -1 0 -1 1 -1 0 0 22 0 1 0 0 1 1 -1 0.1 0 22 0 1 0 0 1 1 1 0.1 0.1 22 0 1 0 0 -1 1 1 0 0.1 22 0 1 0 0 -1 -1 -1 0 0 22 0 -1 0 0 1 -1 -1 0.1 0 22 0 -1 0 0 1 -1 1 0.1 0.1 22 0 -1 0 0 -1 -1 1 0 0.1 22 0 -1 0 0 1 -1 -1 0 0 22 1 0 0 0 1 1 -1 0 0.1 22 1 0 0 0 1 1 1 0.1 0.1 22 1 0 0 0 1 -1 1 0.1 0 22 1 0 0 0 -1 -1 -1 0 0 22 -1 0 0 0 -1 1 -1 0 0.1 22 -1 0 0 0 -1 1 1 0.1 0.1 22 -1 0 0 0 -1 -1 1 0.1 0 22 -1 0 0 0 
Indices: 0 1 2 2 3 0 4 5 6 6 7 4 8 9 10 10 11 8 12 13 14 14 15 12 16 17 18 18 19 16 20 21 22 22 23 20 
Cube
Position: 89 -67 45
Rotation: 0 0 0
Scale: 4 1 4
TextureIndex: 22
VerticesAfterTransformation: 
Index: 64
Invisible: false
CornerPositions: -1 -1 1 0 0 22 0 0 1 0 1 -1 1 0.1 0 22 0 0 1 0 1 1 1 0.1 0.1 22 0 0 1 0 -1 1 1 0 0.1 22 0 0 1 0 -1 -1 -1 0 0 22 0 0 -1 0 1 -1 -1 0.1 0 22 0 0 -1 0 1 1 -1 0.1 0.1 22 0 0 -1 0 -1 1 -1 0 0.1 22 0 0 -1 0 -1 1 -1 0 0 22 0 1 0 0 1 1 -1 0.1 0 22 0 1 0 0 1 1 1 0.1 0.1 22 0 1 0 0 -1 1 1 0 0.1 22 0 1 0 0 -1 -1 -1 0 0 22 0 -1 0 0 1 -1 -1 0.1 0 22 0 -1 0 0 1 -1 1 0.1 0.1 22 0 -1 0 0 -1 -1 1 0 0.1 22 0 -1 0 0 1 -1 -1 0 0 22 1 0 0 0 1 1 -1 0 0.1 22 1 0 0 0 1 1 1 0.1 0.1 22 1 0 0 0 1 -1 1 0.1 0 22 1 0 0 0 -1 -1 -1 0 0 22 -1 0 0 0 -1 1 -1 0 0.1 22 -1 0 0 0 -1 1 1 0.1 0.1 22 -1 0 0 0 -1 -1 1 0.1 0 22 -1 0 0 0 
Indices: 0 1 2 2 3 0 4 5 6 6 7 4 8 9 10 10 11 8 12 13 14 14 15 12 16 17 18 18 19 16 20 21 22 22 23 20 
Cube
Position: 97 -67 45
Rotation: 0 0 0
Scale: 4 1 4
TextureIndex: 22
VerticesAfterTransformation: 
Index: 65
Invisible: false
CornerPositions: -1 -1 1 0 0 22 0 0 1 0 1 -1 1 0.1 0 22 0 0 1 0 1 1 1 0.1 0.1 22 0 0 1 0 -1 1 1 0 0.1 22 0 0 1 0 -1 -1 -1 0 0 22 0 0 -1 0 1 -1 -1 0.1 0 22 0 0 -1 0 1 1 -1 0.1 0.1 22 0 0 -1 0 -1 1 -1 0 0.1 22 0 0 -1 0 -1 1 -1 0 0 22 0 1 0 0 1 1 -1 0.1 0 22 0 1 0 0 1 1 1 0.1 0.1 22 0 1 0 0 -1 1 1 0 0.1 22 0 1 0 0 -1 -1 -1 0 0 22 0 -1 0 0 1 -1 -1 0.1 0 22 0 -1 0 0 1 -1 1 0.1 0.1 22 0 -1 0 0 -1 -1 1 0 0.1 22 0 -1 0 0 1 -1 -1 0 0 22 1 0 0 0 1 1 -1 0 0.1 22 1 0 0 0 1 1 1 0.1 0.1 22 1 0 0 0 1 -1 1 0.1 0 22 1 0 0 0 -1 -1 -1 0 0 22 -1 0 0 0 -1 1 -1 0 0.1 22 -1 0 0 0 -1 1 1 0.1 0.1 22 -1 0 0 0 -1 -1 1 0.1 0 22 -1 0 0 0 
Indices: 0 1 2 2 3 0 4 5 6 6 7 4 8 9 10 10 11 8 12 13 14 14 15 12 16 17 18 18 19 16 20 21 22 22 23 20 
Cube
Position: 105 -67 45
Rotation: 0 0 0
Scale: 4 1 4
TextureIndex: 22
VerticesAfterTransformation: 
Index: 66
Invisible: false
CornerPositions: -1 -1 1 0 0 22 0 0 1 0 1 -1 1 0.1 0 22 0 0 1 0 1 1 1 0.1 0.1 22 0 0 1 0 -1 1 1 0 0.1 22 0 0 1 0 -1 -1 -1 0 0 22 0 0 -1 0 1 -1 -1 0.1 0 22 0 0 -1 0 1 1 -1 0.1 0.1 22 0 0 -1 0 -1 1 -1 0 0.1 22 0 0 -1 0 -1 1 -1 0 0 22 0 1 0 0 1 1 -1 0.1 0 22 0 1 0 0 1 1 1 0.1 0.1 22 0 1 0 0 -1 1 1 0 0.1 22 0 1 0 0 -1 -1 -1 0 0 22 0 -1 0 0 1 -1 -1 0.1 0 22 0 -1 0 0 1 -1 1 0.1 0.1 22 0 -1 0 0 -1 -1 1 0 0.1 22 0 -1 0 0 1 -1 -1 0 0 22 1 0 0 0 1 1 -1 0 0.1 22 1 0 0 0 1 1 1 0.1 0.1 22 1 0 0 0 1 -1 1 0.1 0 22 1 0 0 0 -1 -1 -1 0 0 22 -1 0 0 0 -1 1 -1 0 0.1 22 -1 0 0 0 -1 1 1 0.1 0.1 22 -1 0 0 0 -1 -1 1 0.1 0 22 -1 0 0 0 
Indices: 0 1 2 2 3 0 4 5 6 6 7 4 8 9 10 10 11 8 12 13 14 14 15 12 16 17 18 18 19 16 20 21 22 22 23 20 
Cube
Position: 103 -49 45
Rotation: 0 0 0
Scale: 4 1 4
TextureIndex: 22
VerticesAfterTransformation: 
Index: 67
Invisible: false
CornerPositions: -1 -1 1 0 0 22 0 0 1 0 1 -1 1 0.1 0 22 0 0 1 0 1 1 1 0.1 0.1 22 0 0 1 0 -1 1 1 0 0.1 22 0 0 1 0 -1 -1 -1 0 0 22 0 0 -1 0 1 -1 -1 0.1 0 22 0 0 -1 0 1 1 -1 0.1 0.1 22 0 0 -1 0 -1 1 -1 0 0.1 22 0 0 -1 0 -1 1 -1 0 0 22 0 1 0 0 1 1 -1 0.1 0 22 0 1 0 0 1 1 1 0.1 0.1 22 0 1 0 0 -1 1 1 0 0.1 22 0 1 0 0 -1 -1 -1 0 0 22 0 -1 0 0 1 -1 -1 0.1 0 22 0 -1 0 0 1 -1 1 0.1 0.1 22 0 -1 0 0 -1 -1 1 0 0.1 22 0 -1 0 0 1 -1 -1 0 0 22 1 0 0 0 1 1 -1 0 0.1 22 1 0 0 0 1 1 1 0.1 0.1 22 1 0 0 0 1 -1 1 0.1 0 22 1 0 0 0 -1 -1 -1 0 0 22 -1 0 0 0 -1 1 -1 0 0.1 22 -1 0 0 0 -1 1 1 0.1 0.1 22 -1 0 0 0 -1 -1 1 0.1 0 22 -1 0 0 0 
Indices: 0 1 2 2 3 0 4 5 6 6 7 4 8 9 10 10 11 8 12 13 14 14 15 12 16 17 18 18 19 16 20 21 22 22 23 20 
Cube
Position: 111 -49 45
Rotation: 0 0 0
Scale: 4 1 4
TextureIndex: 22
VerticesAfterTransformation: 
Index: 68
Invisible: false
CornerPositions: -1 -1 1 0 0 22 0 0 1 0 1 -1 1 0.1 0 22 0 0 1 0 1 1 1 0.1 0.1 22 0 0 1 0 -1 1 1 0 0.1 22 0 0 1 0 -1 -1 -1 0 0 22 0 0 -1 0 1 -1 -1 0.1 0 22 0 0 -1 0 1 1 -1 0.1 0.1 22 0 0 -1 0 -1 1 -1 0 0.1 22 0 0 -1 0 -1 1 -1 0 0 22 0 1 0 0 1 1 -1 0.1 0 22 0 1 0 0 1 1 1 0.1 0.1 22 0 1 0 0 -1 1 1 0 0.1 22 0 1 0 0 -1 -1 -1 0 0 22 0 -1 0 0 1 -1 -1 0.1 0 22 0 -1 0 0 1 -1 1 0.1 0.1 22 0 -1 0 0 -1 -1 1 0 0.1 22 0 -1 0 0 1 -1 -1 0 0 22 1 0 0 0 1 1 -1 0 0.1 22 1 0 0 0 1 1 1 0.1 0.1 22 1 0 0 0 1 -1 1 0.1 0 22 1 0 0 0 -1 -1 -1 0 0 22 -1 0 0 0 -1 1 -1 0 0.1 22 -1 0 0 0 -1 1 1 0.1 0.1 22 -1 0 0 0 -1 -1 1 0.1 0 22 -1 0 0 0 
Indices: 0 1 2 2 3 0 4 5 6 6 7 4 8 9 10 10 11 8 12 13 14 14 15 12 16 17 18 18 19 16 20 21 22 22 23 20 
Cube
Position: 109 -58 50
Rotation: 0 0 0
Scale: 8 8 1
TextureIndex: 22
VerticesAfterTransformation: 
Index: 69
Invisible: false
CornerPositions: -1 -1 1 0 0 22 0 0 1 0 1 -1 1 0.1 0 22 0 0 1 0 1 1 1 0.1 0.1 22 0 0 1 0 -1 1 1 0 0.1 22 0 0 1 0 -1 -1 -1 0 0 22 0 0 -1 0 1 -1 -1 0.1 0 22 0 0 -1 0 1 1 -1 0.1 0.1 22 0 0 -1 0 -1 1 -1 0 0.1 22 0 0 -1 0 -1 1 -1 0 0 22 0 1 0 0 1 1 -1 0.1 0 22 0 1 0 0 1 1 1 0.1 0.1 22 0 1 0 0 -1 1 1 0 0.1 22 0 1 0 0 -1 -1 -1 0 0 22 0 -1 0 0 1 -1 -1 0.1 0 22 0 -1 0 0 1 -1 1 0.1 0.1 22 0 -1 0 0 -1 -1 1 0 0.1 22 0 -1 0 0 1 -1 -1 0 0 22 1 0 0 0 1 1 -1 0 0.1 22 1 0 0 0 1 1 1 0.1 0.1 22 1 0 0 0 1 -1 1 0.1 0 22 1 0 0 0 -1 -1 -1 0 0 22 -1 0 0 0 -1 1 -1 0 0.1 22 -1 0 0 0 -1 1 1 0.1 0.1 22 -1 0 0 0 -1 -1 1 0.1 0 22 -1 0 0 0 
Indices: 0 1 2 2 3 0 4 5 6 6 7 4 8 9 10 10 11 8 12 13 14 14 15 12 16 17 18 18 19 16 20 21 22 22 23 20 
Cube
Position: 109 -58 40
Rotation: 0 0 0
Scale: 8 8 1
TextureIndex: 22
VerticesAfterTransformation: 
Index: 70
Invisible: false
CornerPositions: -1 -1 1 0 0 22 0 0 1 0 1 -1 1 0.1 0 22 0 0 1 0 1 1 1 0.1 0.1 22 0 0 1 0 -1 1 1 0 0.1 22 0 0 1 0 -1 -1 -1 0 0 22 0 0 -1 0 1 -1 -1 0.1 0 22 0 0 -1 0 1 1 -1 0.1 0.1 22 0 0 -1 0 -1 1 -1 0 0.1 22 0 0 -1 0 -1 1 -1 0 0 22 0 1 0 0 1 1 -1 0.1 0 22 0 1 0 0 1 1 1 0.1 0.1 22 0 1 0 0 -1 1 1 0 0.1 22 0 1 0 0 -1 -1 -1 0 0 22 0 -1 0 0 1 -1 -1 0.1 0 22 0 -1 0 0 1 -1 1 0.1 0.1 22 0 -1 0 0 -1 -1 1 0 0.1 22 0 -1 0 0 1 -1 -1 0 0 22 1 0 0 0 1 1 -1 0 0.1 22 1 0 0 0 1 1 1 0.1 0.1 22 1 0 0 0 1 -1 1 0.1 0 22 1 0 0 0 -1 -1 -1 0 0 22 -1 0 0 0 -1 1 -1 0 0.1 22 -1 0 0 0 -1 1 1 0.1 0.1 22 -1 0 0 0 -1 -1 1 0.1 0 22 -1 0 0 0 
Indices: 0 1 2 2 3 0 4 5 6 6 7 4 8 9 10 10 11 8 12 13 14 14 15 12 16 17 18 18 19 16 20 21 22 22 23 20 
Cube
Position: 48 32 45
Rotation: 0 0 0
Scale: 4 1 4
TextureIndex: 22
VerticesAfterTransformation: 
Index: 71
Invisible: false
CornerPositions: -1 -1 1 0 0 22 0 0 1 0 1 -1 1 0.1 0 22 0 0 1 0 1 1 1 0.1 0.1 22 0 0 1 0 -1 1 1 0 0.1 22 0 0 1 0 -1 -1 -1 0 0 22 0 0 -1 0 1 -1 -1 0.1 0 22 0 0 -1 0 1 1 -1 0.1 0.1 22 0 0 -1 0 -1 1 -1 0 0.1 22 0 0 -1 0 -1 1 -1 0 0 22 0 1 0 0 1 1 -1 0.1 0 22 0 1 0 0 1 1 1 0.1 0.1 22 0 1 0 0 -1 1 1 0 0.1 22 0 1 0 0 -1 -1 -1 0 0 22 0 -1 0 0 1 -1 -1 0.1 0 22 0 -1 0 0 1 -1 1 0.1 0.1 22 0 -1 0 0 -1 -1 1 0 0.1 22 0 -1 0 0 1 -1 -1 0 0 22 1 0 0 0 1 1 -1 0 0.1 22 1 0 0 0 1 1 1 0.1 0.1 22 1 0 0 0 1 -1 1 0.1 0 22 1 0 0 0 -1 -1 -1 0 0 22 -1 0 0 0 -1 1 -1 0 0.1 22 -1 0 0 0 -1 1 1 0.1 0.1 22 -1 0 0 0 -1 -1 1 0.1 0 22 -1 0 0 0 
Indices: 0 1 2 2 3 0 4 5 6 6 7 4 8 9 10 10 11 8 12 13 14 14 15 12 16 17 18 18 19 16 20 21 22 22 23 20 
