Cube
Position: 0 102 52
Rotation: 0 0 0
Scale: 1 1 1
TextureIndex: 99
VerticesAfterTransformation: 
Index: 0
Invisible: false
CornerPositions: -1 1 1 0 0 0 0 0 1 0 1 1 1 0.1 0 0 0 0 1 0 1 -1 1 0.1 0.1 0 0 0 1 0 -1 -1 1 0 0.1 0 0 0 1 0 1 -1 -1 0 0 0 0 0 -1 0 1 1 -1 0.1 0 0 0 0 -1 0 -1 1 -1 0.1 0.1 0 0 0 -1 0 -1 -1 -1 0 0.1 0 0 0 -1 0 -1 1 -1 0 0 0 0 1 0 0 1 1 -1 0.1 0 0 0 1 0 0 1 1 1 0.1 0.1 0 0 1 0 0 -1 1 1 0 0.1 0 0 1 0 0 -1 -1 1 0 0 0 0 -1 0 0 1 -1 1 0.1 0 0 0 -1 0 0 1 -1 -1 0.1 0.1 0 0 -1 0 0 -1 -1 -1 0 0.1 0 0 -1 0 0 1 -1 -1 0 0 0 1 0 0 0 1 -1 1 0 0.1 0 1 0 0 0 1 1 1 0.1 0.1 0 1 0 0 0 1 1 -1 0.1 0 0 1 0 0 0 -1 -1 -1 0 0 0 -1 0 0 0 -1 1 -1 0 0.1 0 -1 0 0 0 -1 1 1 0.1 0.1 0 -1 0 0 0 -1 -1 1 0.1 0 0 -1 0 0 0 
Indices: 0 1 2 2 3 0 4 5 6 6 7 4 8 9 10 10 11 8 12 13 14 14 15 12 16 17 18 18 19 16 20 21 22 22 23 20 
Cube
Position: 0 9 0
Rotation: 0 0 0
Scale: 1 1 1
TextureIndex: 99
VerticesAfterTransformation: 
Index: 1
Invisible: false
CornerPositions: -1 1 1 0 0 0 0 0 1 0 1 1 1 0.1 0 0 0 0 1 0 1 -1 1 0.1 0.1 0 0 0 1 0 -1 -1 1 0 0.1 0 0 0 1 0 1 -1 -1 0 0 0 0 0 -1 0 1 1 -1 0.1 0 0 0 0 -1 0 -1 1 -1 0.1 0.1 0 0 0 -1 0 -1 -1 -1 0 0.1 0 0 0 -1 0 -1 1 -1 0 0 0 0 1 0 0 1 1 -1 0.1 0 0 0 1 0 0 1 1 1 0.1 0.1 0 0 1 0 0 -1 1 1 0 0.1 0 0 1 0 0 -1 -1 1 0 0 0 0 -1 0 0 1 -1 1 0.1 0 0 0 -1 0 0 1 -1 -1 0.1 0.1 0 0 -1 0 0 -1 -1 -1 0 0.1 0 0 -1 0 0 1 -1 -1 0 0 0 1 0 0 0 1 -1 1 0 0.1 0 1 0 0 0 1 1 1 0.1 0.1 0 1 0 0 0 1 1 -1 0.1 0 0 1 0 0 0 -1 -1 -1 0 0 0 -1 0 0 0 -1 1 -1 0 0.1 0 -1 0 0 0 -1 1 1 0.1 0.1 0 -1 0 0 0 -1 -1 1 0.1 0 0 -1 0 0 0 
Indices: 0 1 2 2 3 0 4 5 6 6 7 4 8 9 10 10 11 8 12 13 14 14 15 12 16 17 18 18 19 16 20 21 22 22 23 20 
Cube
Position: 0 9 0
Rotation: 0 0 0
Scale: 1 1 1
TextureIndex: 99
VerticesAfterTransformation: 
Index: 2
Invisible: false
CornerPositions: -1 1 1 0 0 99 0 0 1 0 1 1 1 0.1 0 99 0 0 1 0 1 -1 1 0.1 0.1 99 0 0 1 0 -1 -1 1 0 0.1 99 0 0 1 0 1 -1 -1 0 0 99 0 0 -1 0 1 1 -1 0.1 0 99 0 0 -1 0 -1 1 -1 0.1 0.1 99 0 0 -1 0 -1 -1 -1 0 0.1 99 0 0 -1 0 -1 1 -1 0 0 99 0 1 0 0 1 1 -1 0.1 0 99 0 1 0 0 1 1 1 0.1 0.1 99 0 1 0 0 -1 1 1 0 0.1 99 0 1 0 0 -1 -1 1 0 0 99 0 -1 0 0 1 -1 1 0.1 0 99 0 -1 0 0 1 -1 -1 0.1 0.1 99 0 -1 0 0 -1 -1 -1 0 0.1 99 0 -1 0 0 1 -1 -1 0 0 99 1 0 0 0 1 -1 1 0 0.1 99 1 0 0 0 1 1 1 0.1 0.1 99 1 0 0 0 1 1 -1 0.1 0 99 1 0 0 0 -1 -1 -1 0 0 99 -1 0 0 0 -1 1 -1 0 0.1 99 -1 0 0 0 -1 1 1 0.1 0.1 99 -1 0 0 0 -1 -1 1 0.1 0 99 -1 0 0 0 
Indices: 0 1 2 2 3 0 4 5 6 6 7 4 8 9 10 10 11 8 12 13 14 14 15 12 16 17 18 18 19 16 20 21 22 22 23 20 
Cube
Position: -51 45 0
Rotation: 0 0 0
Scale: 1 50 50
TextureIndex: 24
VerticesAfterTransformation: 
Index: 3
Invisible: false
CornerPositions: -1 1 1 0 0 24 0 0 1 0 1 1 1 0.1 0 24 0 0 1 0 1 -1 1 0.1 0.1 24 0 0 1 0 -1 -1 1 0 0.1 24 0 0 1 0 1 -1 -1 0 0 24 0 0 -1 0 1 1 -1 0.1 0 24 0 0 -1 0 -1 1 -1 0.1 0.1 24 0 0 -1 0 -1 -1 -1 0 0.1 24 0 0 -1 0 -1 1 -1 0 0 24 0 1 0 0 1 1 -1 0.1 0 24 0 1 0 0 1 1 1 0.1 0.1 24 0 1 0 0 -1 1 1 0 0.1 24 0 1 0 0 -1 -1 1 0 0 24 0 -1 0 0 1 -1 1 0.1 0 24 0 -1 0 0 1 -1 -1 0.1 0.1 24 0 -1 0 0 -1 -1 -1 0 0.1 24 0 -1 0 0 1 -1 -1 0 0 24 1 0 0 0 1 -1 1 0 0.1 24 1 0 0 0 1 1 1 0.1 0.1 24 1 0 0 0 1 1 -1 0.1 0 24 1 0 0 0 -1 -1 -1 0 0 24 -1 0 0 0 -1 1 -1 0 0.1 24 -1 0 0 0 -1 1 1 0.1 0.1 24 -1 0 0 0 -1 -1 1 0.1 0 24 -1 0 0 0 
Indices: 0 1 2 2 3 0 4 5 6 6 7 4 8 9 10 10 11 8 12 13 14 14 15 12 16 17 18 18 19 16 20 21 22 22 23 20 
Cube
Position: 51 45 0
Rotation: 0 0 0
Scale: 1 50 50
TextureIndex: 24
VerticesAfterTransformation: 
Index: 4
Invisible: false
CornerPositions: -1 1 1 0 0 24 0 0 1 0 1 1 1 0.1 0 24 0 0 1 0 1 -1 1 0.1 0.1 24 0 0 1 0 -1 -1 1 0 0.1 24 0 0 1 0 1 -1 -1 0 0 24 0 0 -1 0 1 1 -1 0.1 0 24 0 0 -1 0 -1 1 -1 0.1 0.1 24 0 0 -1 0 -1 -1 -1 0 0.1 24 0 0 -1 0 -1 1 -1 0 0 24 0 1 0 0 1 1 -1 0.1 0 24 0 1 0 0 1 1 1 0.1 0.1 24 0 1 0 0 -1 1 1 0 0.1 24 0 1 0 0 -1 -1 1 0 0 24 0 -1 0 0 1 -1 1 0.1 0 24 0 -1 0 0 1 -1 -1 0.1 0.1 24 0 -1 0 0 -1 -1 -1 0 0.1 24 0 -1 0 0 1 -1 -1 0 0 24 1 0 0 0 1 -1 1 0 0.1 24 1 0 0 0 1 1 1 0.1 0.1 24 1 0 0 0 1 1 -1 0.1 0 24 1 0 0 0 -1 -1 -1 0 0 24 -1 0 0 0 -1 1 -1 0 0.1 24 -1 0 0 0 -1 1 1 0.1 0.1 24 -1 0 0 0 -1 -1 1 0.1 0 24 -1 0 0 0 
Indices: 0 1 2 2 3 0 4 5 6 6 7 4 8 9 10 10 11 8 12 13 14 14 15 12 16 17 18 18 19 16 20 21 22 22 23 20 
Cube
Position: 0 45 -51
Rotation: 0 0 0
Scale: 50 50 1
TextureIndex: 24
VerticesAfterTransformation: 
Index: 5
Invisible: false
CornerPositions: -1 1 1 0 0 99 0 0 1 0 1 1 1 0.1 0 99 0 0 1 0 1 -1 1 0.1 0.1 99 0 0 1 0 -1 -1 1 0 0.1 99 0 0 1 0 1 -1 -1 0 0 99 0 0 -1 0 1 1 -1 0.1 0 99 0 0 -1 0 -1 1 -1 0.1 0.1 99 0 0 -1 0 -1 -1 -1 0 0.1 99 0 0 -1 0 -1 1 -1 0 0 99 0 1 0 0 1 1 -1 0.1 0 99 0 1 0 0 1 1 1 0.1 0.1 99 0 1 0 0 -1 1 1 0 0.1 99 0 1 0 0 -1 -1 1 0 0 99 0 -1 0 0 1 -1 1 0.1 0 99 0 -1 0 0 1 -1 -1 0.1 0.1 99 0 -1 0 0 -1 -1 -1 0 0.1 99 0 -1 0 0 1 -1 -1 0 0 99 1 0 0 0 1 -1 1 0 0.1 99 1 0 0 0 1 1 1 0.1 0.1 99 1 0 0 0 1 1 -1 0.1 0 99 1 0 0 0 -1 -1 -1 0 0 99 -1 0 0 0 -1 1 -1 0 0.1 99 -1 0 0 0 -1 1 1 0.1 0.1 99 -1 0 0 0 -1 -1 1 0.1 0 99 -1 0 0 0 
Indices: 0 1 2 2 3 0 4 5 6 6 7 4 8 9 10 10 11 8 12 13 14 14 15 12 16 17 18 18 19 16 20 21 22 22 23 20 
Cube
Position: 0 96 0
Rotation: 0 0 0
Scale: 50 1 50
TextureIndex: 24
VerticesAfterTransformation: 
Index: 6
Invisible: false
CornerPositions: -1 1 1 0 0 24 0 0 1 0 1 1 1 0.1 0 24 0 0 1 0 1 -1 1 0.1 0.1 24 0 0 1 0 -1 -1 1 0 0.1 24 0 0 1 0 1 -1 -1 0 0 24 0 0 -1 0 1 1 -1 0.1 0 24 0 0 -1 0 -1 1 -1 0.1 0.1 24 0 0 -1 0 -1 -1 -1 0 0.1 24 0 0 -1 0 -1 1 -1 0 0 24 0 1 0 0 1 1 -1 0.1 0 24 0 1 0 0 1 1 1 0.1 0.1 24 0 1 0 0 -1 1 1 0 0.1 24 0 1 0 0 -1 -1 1 0 0 24 0 -1 0 0 1 -1 1 0.1 0 24 0 -1 0 0 1 -1 -1 0.1 0.1 24 0 -1 0 0 -1 -1 -1 0 0.1 24 0 -1 0 0 1 -1 -1 0 0 24 1 0 0 0 1 -1 1 0 0.1 24 1 0 0 0 1 1 1 0.1 0.1 24 1 0 0 0 1 1 -1 0.1 0 24 1 0 0 0 -1 -1 -1 0 0 24 -1 0 0 0 -1 1 -1 0 0.1 24 -1 0 0 0 -1 1 1 0.1 0.1 24 -1 0 0 0 -1 -1 1 0.1 0 24 -1 0 0 0 
Indices: 0 1 2 2 3 0 4 5 6 6 7 4 8 9 10 10 11 8 12 13 14 14 15 12 16 17 18 18 19 16 20 21 22 22 23 20 
Cube
Position: 0 -6 0
Rotation: 0 0 0
Scale: 50 1 50
TextureIndex: 24
VerticesAfterTransformation: 
Index: 7
Invisible: false
CornerPositions: -1 1 1 0 0 55 0 0 1 0 1 1 1 0.1 0 55 0 0 1 0 1 -1 1 0.1 0.1 55 0 0 1 0 -1 -1 1 0 0.1 55 0 0 1 0 1 -1 -1 0 0 55 0 0 -1 0 1 1 -1 0.1 0 55 0 0 -1 0 -1 1 -1 0.1 0.1 55 0 0 -1 0 -1 -1 -1 0 0.1 55 0 0 -1 0 -1 1 -1 0 0 55 0 1 0 0 1 1 -1 0.1 0 55 0 1 0 0 1 1 1 0.1 0.1 55 0 1 0 0 -1 1 1 0 0.1 55 0 1 0 0 -1 -1 1 0 0 55 0 -1 0 0 1 -1 1 0.1 0 55 0 -1 0 0 1 -1 -1 0.1 0.1 55 0 -1 0 0 -1 -1 -1 0 0.1 55 0 -1 0 0 1 -1 -1 0 0 55 1 0 0 0 1 -1 1 0 0.1 55 1 0 0 0 1 1 1 0.1 0.1 55 1 0 0 0 1 1 -1 0.1 0 55 1 0 0 0 -1 -1 -1 0 0 55 -1 0 0 0 -1 1 -1 0 0.1 55 -1 0 0 0 -1 1 1 0.1 0.1 55 -1 0 0 0 -1 -1 1 0.1 0 55 -1 0 0 0 
Indices: 0 1 2 2 3 0 4 5 6 6 7 4 8 9 10 10 11 8 12 13 14 14 15 12 16 17 18 18 19 16 20 21 22 22 23 20 
Cube
Position: -25 45 51
Rotation: 0 0 0
Scale: 25 50 1
TextureIndex: 35
VerticesAfterTransformation: 
Index: 8
Invisible: false
CornerPositions: -1 1 1 0 0 24 0 0 1 0 1 1 1 0.1 0 24 0 0 1 0 1 -1 1 0.1 0.1 24 0 0 1 0 -1 -1 1 0 0.1 24 0 0 1 0 1 -1 -1 0 0 24 0 0 -1 0 1 1 -1 0.1 0 24 0 0 -1 0 -1 1 -1 0.1 0.1 24 0 0 -1 0 -1 -1 -1 0 0.1 24 0 0 -1 0 -1 1 -1 0 0 24 0 1 0 0 1 1 -1 0.1 0 24 0 1 0 0 1 1 1 0.1 0.1 24 0 1 0 0 -1 1 1 0 0.1 24 0 1 0 0 -1 -1 1 0 0 24 0 -1 0 0 1 -1 1 0.1 0 24 0 -1 0 0 1 -1 -1 0.1 0.1 24 0 -1 0 0 -1 -1 -1 0 0.1 24 0 -1 0 0 1 -1 -1 0 0 24 1 0 0 0 1 -1 1 0 0.1 24 1 0 0 0 1 1 1 0.1 0.1 24 1 0 0 0 1 1 -1 0.1 0 24 1 0 0 0 -1 -1 -1 0 0 24 -1 0 0 0 -1 1 -1 0 0.1 24 -1 0 0 0 -1 1 1 0.1 0.1 24 -1 0 0 0 -1 -1 1 0.1 0 24 -1 0 0 0 
Indices: 0 1 2 2 3 0 4 5 6 6 7 4 8 9 10 10 11 8 12 13 14 14 15 12 16 17 18 18 19 16 20 21 22 22 23 20 
Cube
Position: 25 45 51
Rotation: 0 0 0
Scale: 25 50 1
TextureIndex: 35
VerticesAfterTransformation: 
Index: 9
Invisible: false
CornerPositions: -1 1 1 0 0 35 0 0 1 0 1 1 1 0.1 0 35 0 0 1 0 1 -1 1 0.1 0.1 35 0 0 1 0 -1 -1 1 0 0.1 35 0 0 1 0 1 -1 -1 0 0 35 0 0 -1 0 1 1 -1 0.1 0 35 0 0 -1 0 -1 1 -1 0.1 0.1 35 0 0 -1 0 -1 -1 -1 0 0.1 35 0 0 -1 0 -1 1 -1 0 0 35 0 1 0 0 1 1 -1 0.1 0 35 0 1 0 0 1 1 1 0.1 0.1 35 0 1 0 0 -1 1 1 0 0.1 35 0 1 0 0 -1 -1 1 0 0 35 0 -1 0 0 1 -1 1 0.1 0 35 0 -1 0 0 1 -1 -1 0.1 0.1 35 0 -1 0 0 -1 -1 -1 0 0.1 35 0 -1 0 0 1 -1 -1 0 0 35 1 0 0 0 1 -1 1 0 0.1 35 1 0 0 0 1 1 1 0.1 0.1 35 1 0 0 0 1 1 -1 0.1 0 35 1 0 0 0 -1 -1 -1 0 0 35 -1 0 0 0 -1 1 -1 0 0.1 35 -1 0 0 0 -1 1 1 0.1 0.1 35 -1 0 0 0 -1 -1 1 0.1 0 35 -1 0 0 0 
Indices: 0 1 2 2 3 0 4 5 6 6 7 4 8 9 10 10 11 8 12 13 14 14 15 12 16 17 18 18 19 16 20 21 22 22 23 20 
