Cube
Position: -3 1 4
Rotation: 0 0 0
Scale: 1 1 1
Door: 0
TextureIndex: 99
VerticesAfterTransformation: 
Index: 0
Invisible: false
CornerPositions: -1 1 1 0 0 0 0 0 1 0 1 1 1 0.1 0 0 0 0 1 0 1 -1 1 0.1 0.1 0 0 0 1 0 -1 -1 1 0 0.1 0 0 0 1 0 1 -1 -1 0 0 0 0 0 -1 0 1 1 -1 0.1 0 0 0 0 -1 0 -1 1 -1 0.1 0.1 0 0 0 -1 0 -1 -1 -1 0 0.1 0 0 0 -1 0 -1 1 -1 0 0 0 0 1 0 0 1 1 -1 0.1 0 0 0 1 0 0 1 1 1 0.1 0.1 0 0 1 0 0 -1 1 1 0 0.1 0 0 1 0 0 -1 -1 1 0 0 0 0 -1 0 0 1 -1 1 0.1 0 0 0 -1 0 0 1 -1 -1 0.1 0.1 0 0 -1 0 0 -1 -1 -1 0 0.1 0 0 -1 0 0 1 -1 -1 0 0 0 1 0 0 0 1 -1 1 0 0.1 0 1 0 0 0 1 1 1 0.1 0.1 0 1 0 0 0 1 1 -1 0.1 0 0 1 0 0 0 -1 -1 -1 0 0 0 -1 0 0 0 -1 1 -1 0 0.1 0 -1 0 0 0 -1 1 1 0.1 0.1 0 -1 0 0 0 -1 -1 1 0.1 0 0 -1 0 0 0 
Indices: 0 1 2 2 3 0 4 5 6 6 7 4 8 9 10 10 11 8 12 13 14 14 15 12 16 17 18 18 19 16 20 21 22 22 23 20 
Cube
Position: 0 -6 0
Rotation: 0 0 0
Scale: 50 1 50
Door: 0
TextureIndex: 24
VerticesAfterTransformation: 
Index: 1
Invisible: false
CornerPositions: -1 1 1 0 0 0 0 0 1 0 1 1 1 0.1 0 0 0 0 1 0 1 -1 1 0.1 0.1 0 0 0 1 0 -1 -1 1 0 0.1 0 0 0 1 0 1 -1 -1 0 0 0 0 0 -1 0 1 1 -1 0.1 0 0 0 0 -1 0 -1 1 -1 0.1 0.1 0 0 0 -1 0 -1 -1 -1 0 0.1 0 0 0 -1 0 -1 1 -1 0 0 0 0 1 0 0 1 1 -1 0.1 0 0 0 1 0 0 1 1 1 0.1 0.1 0 0 1 0 0 -1 1 1 0 0.1 0 0 1 0 0 -1 -1 1 0 0 0 0 -1 0 0 1 -1 1 0.1 0 0 0 -1 0 0 1 -1 -1 0.1 0.1 0 0 -1 0 0 -1 -1 -1 0 0.1 0 0 -1 0 0 1 -1 -1 0 0 0 1 0 0 0 1 -1 1 0 0.1 0 1 0 0 0 1 1 1 0.1 0.1 0 1 0 0 0 1 1 -1 0.1 0 0 1 0 0 0 -1 -1 -1 0 0 0 -1 0 0 0 -1 1 -1 0 0.1 0 -1 0 0 0 -1 1 1 0.1 0.1 0 -1 0 0 0 -1 -1 1 0.1 0 0 -1 0 0 0 
Indices: 0 1 2 2 3 0 4 5 6 6 7 4 8 9 10 10 11 8 12 13 14 14 15 12 16 17 18 18 19 16 20 21 22 22 23 20 
Cube
Position: 0 9 0
Rotation: 0 0 0
Scale: 1 1 1
Door: 0
TextureIndex: 99
VerticesAfterTransformation: 
Index: 2
Invisible: false
CornerPositions: -1 1 1 0 0 0 0 0 1 0 1 1 1 0.1 0 0 0 0 1 0 1 -1 1 0.1 0.1 0 0 0 1 0 -1 -1 1 0 0.1 0 0 0 1 0 1 -1 -1 0 0 0 0 0 -1 0 1 1 -1 0.1 0 0 0 0 -1 0 -1 1 -1 0.1 0.1 0 0 0 -1 0 -1 -1 -1 0 0.1 0 0 0 -1 0 -1 1 -1 0 0 0 0 1 0 0 1 1 -1 0.1 0 0 0 1 0 0 1 1 1 0.1 0.1 0 0 1 0 0 -1 1 1 0 0.1 0 0 1 0 0 -1 -1 1 0 0 0 0 -1 0 0 1 -1 1 0.1 0 0 0 -1 0 0 1 -1 -1 0.1 0.1 0 0 -1 0 0 -1 -1 -1 0 0.1 0 0 -1 0 0 1 -1 -1 0 0 0 1 0 0 0 1 -1 1 0 0.1 0 1 0 0 0 1 1 1 0.1 0.1 0 1 0 0 0 1 1 -1 0.1 0 0 1 0 0 0 -1 -1 -1 0 0 0 -1 0 0 0 -1 1 -1 0 0.1 0 -1 0 0 0 -1 1 1 0.1 0.1 0 -1 0 0 0 -1 -1 1 0.1 0 0 -1 0 0 0 
Indices: 0 1 2 2 3 0 4 5 6 6 7 4 8 9 10 10 11 8 12 13 14 14 15 12 16 17 18 18 19 16 20 21 22 22 23 20 
Cube
Position: 0 9 0
Rotation: 0 0 0
Scale: 1 1 1
Door: 0
TextureIndex: 99
VerticesAfterTransformation: 
Index: 3
Invisible: false
CornerPositions: -1 1 1 0 0 99 0 0 1 0 1 1 1 0.1 0 99 0 0 1 0 1 -1 1 0.1 0.1 99 0 0 1 0 -1 -1 1 0 0.1 99 0 0 1 0 1 -1 -1 0 0 99 0 0 -1 0 1 1 -1 0.1 0 99 0 0 -1 0 -1 1 -1 0.1 0.1 99 0 0 -1 0 -1 -1 -1 0 0.1 99 0 0 -1 0 -1 1 -1 0 0 99 0 1 0 0 1 1 -1 0.1 0 99 0 1 0 0 1 1 1 0.1 0.1 99 0 1 0 0 -1 1 1 0 0.1 99 0 1 0 0 -1 -1 1 0 0 99 0 -1 0 0 1 -1 1 0.1 0 99 0 -1 0 0 1 -1 -1 0.1 0.1 99 0 -1 0 0 -1 -1 -1 0 0.1 99 0 -1 0 0 1 -1 -1 0 0 99 1 0 0 0 1 -1 1 0 0.1 99 1 0 0 0 1 1 1 0.1 0.1 99 1 0 0 0 1 1 -1 0.1 0 99 1 0 0 0 -1 -1 -1 0 0 99 -1 0 0 0 -1 1 -1 0 0.1 99 -1 0 0 0 -1 1 1 0.1 0.1 99 -1 0 0 0 -1 -1 1 0.1 0 99 -1 0 0 0 
Indices: 0 1 2 2 3 0 4 5 6 6 7 4 8 9 10 10 11 8 12 13 14 14 15 12 16 17 18 18 19 16 20 21 22 22 23 20 
Cube
Position: -25 7 -7
Rotation: 0 0 0
Scale: 1 1 1
Door: 0
TextureIndex: 0
VerticesAfterTransformation: 
Index: 4
Invisible: false
CornerPositions: -1 1 1 0 0 0 0 0 1 0 1 1 1 0.1 0 0 0 0 1 0 1 -1 1 0.1 0.1 0 0 0 1 0 -1 -1 1 0 0.1 0 0 0 1 0 1 -1 -1 0 0 0 0 0 -1 0 1 1 -1 0.1 0 0 0 0 -1 0 -1 1 -1 0.1 0.1 0 0 0 -1 0 -1 -1 -1 0 0.1 0 0 0 -1 0 -1 1 -1 0 0 0 0 1 0 0 1 1 -1 0.1 0 0 0 1 0 0 1 1 1 0.1 0.1 0 0 1 0 0 -1 1 1 0 0.1 0 0 1 0 0 -1 -1 1 0 0 0 0 -1 0 0 1 -1 1 0.1 0 0 0 -1 0 0 1 -1 -1 0.1 0.1 0 0 -1 0 0 -1 -1 -1 0 0.1 0 0 -1 0 0 1 -1 -1 0 0 0 1 0 0 0 1 -1 1 0 0.1 0 1 0 0 0 1 1 1 0.1 0.1 0 1 0 0 0 1 1 -1 0.1 0 0 1 0 0 0 -1 -1 -1 0 0 0 -1 0 0 0 -1 1 -1 0 0.1 0 -1 0 0 0 -1 1 1 0.1 0.1 0 -1 0 0 0 -1 -1 1 0.1 0 0 -1 0 0 0 
Indices: 0 1 2 2 3 0 4 5 6 6 7 4 8 9 10 10 11 8 12 13 14 14 15 12 16 17 18 18 19 16 20 21 22 22 23 20 
Cube
Position: -24 7 -7
Rotation: 0 0 0
Scale: 1 1 1
Door: 0
TextureIndex: 0
VerticesAfterTransformation: 
Index: 5
Invisible: false
CornerPositions: -1 1 1 0 0 0 0 0 1 0 1 1 1 0.1 0 0 0 0 1 0 1 -1 1 0.1 0.1 0 0 0 1 0 -1 -1 1 0 0.1 0 0 0 1 0 1 -1 -1 0 0 0 0 0 -1 0 1 1 -1 0.1 0 0 0 0 -1 0 -1 1 -1 0.1 0.1 0 0 0 -1 0 -1 -1 -1 0 0.1 0 0 0 -1 0 -1 1 -1 0 0 0 0 1 0 0 1 1 -1 0.1 0 0 0 1 0 0 1 1 1 0.1 0.1 0 0 1 0 0 -1 1 1 0 0.1 0 0 1 0 0 -1 -1 1 0 0 0 0 -1 0 0 1 -1 1 0.1 0 0 0 -1 0 0 1 -1 -1 0.1 0.1 0 0 -1 0 0 -1 -1 -1 0 0.1 0 0 -1 0 0 1 -1 -1 0 0 0 1 0 0 0 1 -1 1 0 0.1 0 1 0 0 0 1 1 1 0.1 0.1 0 1 0 0 0 1 1 -1 0.1 0 0 1 0 0 0 -1 -1 -1 0 0 0 -1 0 0 0 -1 1 -1 0 0.1 0 -1 0 0 0 -1 1 1 0.1 0.1 0 -1 0 0 0 -1 -1 1 0.1 0 0 -1 0 0 0 
Indices: 0 1 2 2 3 0 4 5 6 6 7 4 8 9 10 10 11 8 12 13 14 14 15 12 16 17 18 18 19 16 20 21 22 22 23 20 
Cube
Position: -24 7 -8
Rotation: 0 0 0
Scale: 1 1 1
Door: 0
TextureIndex: 0
VerticesAfterTransformation: 
Index: 6
Invisible: false
CornerPositions: -1 1 1 0 0 0 0 0 1 0 1 1 1 0.1 0 0 0 0 1 0 1 -1 1 0.1 0.1 0 0 0 1 0 -1 -1 1 0 0.1 0 0 0 1 0 1 -1 -1 0 0 0 0 0 -1 0 1 1 -1 0.1 0 0 0 0 -1 0 -1 1 -1 0.1 0.1 0 0 0 -1 0 -1 -1 -1 0 0.1 0 0 0 -1 0 -1 1 -1 0 0 0 0 1 0 0 1 1 -1 0.1 0 0 0 1 0 0 1 1 1 0.1 0.1 0 0 1 0 0 -1 1 1 0 0.1 0 0 1 0 0 -1 -1 1 0 0 0 0 -1 0 0 1 -1 1 0.1 0 0 0 -1 0 0 1 -1 -1 0.1 0.1 0 0 -1 0 0 -1 -1 -1 0 0.1 0 0 -1 0 0 1 -1 -1 0 0 0 1 0 0 0 1 -1 1 0 0.1 0 1 0 0 0 1 1 1 0.1 0.1 0 1 0 0 0 1 1 -1 0.1 0 0 1 0 0 0 -1 -1 -1 0 0 0 -1 0 0 0 -1 1 -1 0 0.1 0 -1 0 0 0 -1 1 1 0.1 0.1 0 -1 0 0 0 -1 -1 1 0.1 0 0 -1 0 0 0 
Indices: 0 1 2 2 3 0 4 5 6 6 7 4 8 9 10 10 11 8 12 13 14 14 15 12 16 17 18 18 19 16 20 21 22 22 23 20 
Cube
Position: -24 7 -9
Rotation: 0 0 0
Scale: 1 1 1
Door: 0
TextureIndex: 0
VerticesAfterTransformation: 
Index: 7
Invisible: false
CornerPositions: -1 1 1 0 0 0 0 0 1 0 1 1 1 0.1 0 0 0 0 1 0 1 -1 1 0.1 0.1 0 0 0 1 0 -1 -1 1 0 0.1 0 0 0 1 0 1 -1 -1 0 0 0 0 0 -1 0 1 1 -1 0.1 0 0 0 0 -1 0 -1 1 -1 0.1 0.1 0 0 0 -1 0 -1 -1 -1 0 0.1 0 0 0 -1 0 -1 1 -1 0 0 0 0 1 0 0 1 1 -1 0.1 0 0 0 1 0 0 1 1 1 0.1 0.1 0 0 1 0 0 -1 1 1 0 0.1 0 0 1 0 0 -1 -1 1 0 0 0 0 -1 0 0 1 -1 1 0.1 0 0 0 -1 0 0 1 -1 -1 0.1 0.1 0 0 -1 0 0 -1 -1 -1 0 0.1 0 0 -1 0 0 1 -1 -1 0 0 0 1 0 0 0 1 -1 1 0 0.1 0 1 0 0 0 1 1 1 0.1 0.1 0 1 0 0 0 1 1 -1 0.1 0 0 1 0 0 0 -1 -1 -1 0 0 0 -1 0 0 0 -1 1 -1 0 0.1 0 -1 0 0 0 -1 1 1 0.1 0.1 0 -1 0 0 0 -1 -1 1 0.1 0 0 -1 0 0 0 
Indices: 0 1 2 2 3 0 4 5 6 6 7 4 8 9 10 10 11 8 12 13 14 14 15 12 16 17 18 18 19 16 20 21 22 22 23 20 
Cube
Position: -23 7 -9
Rotation: 0 0 0
Scale: 1 1 1
Door: 0
TextureIndex: 0
VerticesAfterTransformation: 
Index: 8
Invisible: false
CornerPositions: -1 1 1 0 0 0 0 0 1 0 1 1 1 0.1 0 0 0 0 1 0 1 -1 1 0.1 0.1 0 0 0 1 0 -1 -1 1 0 0.1 0 0 0 1 0 1 -1 -1 0 0 0 0 0 -1 0 1 1 -1 0.1 0 0 0 0 -1 0 -1 1 -1 0.1 0.1 0 0 0 -1 0 -1 -1 -1 0 0.1 0 0 0 -1 0 -1 1 -1 0 0 0 0 1 0 0 1 1 -1 0.1 0 0 0 1 0 0 1 1 1 0.1 0.1 0 0 1 0 0 -1 1 1 0 0.1 0 0 1 0 0 -1 -1 1 0 0 0 0 -1 0 0 1 -1 1 0.1 0 0 0 -1 0 0 1 -1 -1 0.1 0.1 0 0 -1 0 0 -1 -1 -1 0 0.1 0 0 -1 0 0 1 -1 -1 0 0 0 1 0 0 0 1 -1 1 0 0.1 0 1 0 0 0 1 1 1 0.1 0.1 0 1 0 0 0 1 1 -1 0.1 0 0 1 0 0 0 -1 -1 -1 0 0 0 -1 0 0 0 -1 1 -1 0 0.1 0 -1 0 0 0 -1 1 1 0.1 0.1 0 -1 0 0 0 -1 -1 1 0.1 0 0 -1 0 0 0 
Indices: 0 1 2 2 3 0 4 5 6 6 7 4 8 9 10 10 11 8 12 13 14 14 15 12 16 17 18 18 19 16 20 21 22 22 23 20 
Cube
Position: -23 7 -10
Rotation: 0 0 0
Scale: 1 1 1
Door: 0
TextureIndex: 0
VerticesAfterTransformation: 
Index: 9
Invisible: false
CornerPositions: -1 1 1 0 0 0 0 0 1 0 1 1 1 0.1 0 0 0 0 1 0 1 -1 1 0.1 0.1 0 0 0 1 0 -1 -1 1 0 0.1 0 0 0 1 0 1 -1 -1 0 0 0 0 0 -1 0 1 1 -1 0.1 0 0 0 0 -1 0 -1 1 -1 0.1 0.1 0 0 0 -1 0 -1 -1 -1 0 0.1 0 0 0 -1 0 -1 1 -1 0 0 0 0 1 0 0 1 1 -1 0.1 0 0 0 1 0 0 1 1 1 0.1 0.1 0 0 1 0 0 -1 1 1 0 0.1 0 0 1 0 0 -1 -1 1 0 0 0 0 -1 0 0 1 -1 1 0.1 0 0 0 -1 0 0 1 -1 -1 0.1 0.1 0 0 -1 0 0 -1 -1 -1 0 0.1 0 0 -1 0 0 1 -1 -1 0 0 0 1 0 0 0 1 -1 1 0 0.1 0 1 0 0 0 1 1 1 0.1 0.1 0 1 0 0 0 1 1 -1 0.1 0 0 1 0 0 0 -1 -1 -1 0 0 0 -1 0 0 0 -1 1 -1 0 0.1 0 -1 0 0 0 -1 1 1 0.1 0.1 0 -1 0 0 0 -1 -1 1 0.1 0 0 -1 0 0 0 
Indices: 0 1 2 2 3 0 4 5 6 6 7 4 8 9 10 10 11 8 12 13 14 14 15 12 16 17 18 18 19 16 20 21 22 22 23 20 
Cube
Position: -23 7 -11
Rotation: 0 0 0
Scale: 1 1 1
Door: 0
TextureIndex: 0
VerticesAfterTransformation: 
Index: 10
Invisible: false
CornerPositions: -1 1 1 0 0 0 0 0 1 0 1 1 1 0.1 0 0 0 0 1 0 1 -1 1 0.1 0.1 0 0 0 1 0 -1 -1 1 0 0.1 0 0 0 1 0 1 -1 -1 0 0 0 0 0 -1 0 1 1 -1 0.1 0 0 0 0 -1 0 -1 1 -1 0.1 0.1 0 0 0 -1 0 -1 -1 -1 0 0.1 0 0 0 -1 0 -1 1 -1 0 0 0 0 1 0 0 1 1 -1 0.1 0 0 0 1 0 0 1 1 1 0.1 0.1 0 0 1 0 0 -1 1 1 0 0.1 0 0 1 0 0 -1 -1 1 0 0 0 0 -1 0 0 1 -1 1 0.1 0 0 0 -1 0 0 1 -1 -1 0.1 0.1 0 0 -1 0 0 -1 -1 -1 0 0.1 0 0 -1 0 0 1 -1 -1 0 0 0 1 0 0 0 1 -1 1 0 0.1 0 1 0 0 0 1 1 1 0.1 0.1 0 1 0 0 0 1 1 -1 0.1 0 0 1 0 0 0 -1 -1 -1 0 0 0 -1 0 0 0 -1 1 -1 0 0.1 0 -1 0 0 0 -1 1 1 0.1 0.1 0 -1 0 0 0 -1 -1 1 0.1 0 0 -1 0 0 0 
Indices: 0 1 2 2 3 0 4 5 6 6 7 4 8 9 10 10 11 8 12 13 14 14 15 12 16 17 18 18 19 16 20 21 22 22 23 20 
Cube
Position: -23 7 -12
Rotation: 0 0 0
Scale: 1 1 1
Door: 0
TextureIndex: 0
VerticesAfterTransformation: 
Index: 11
Invisible: false
CornerPositions: -1 1 1 0 0 0 0 0 1 0 1 1 1 0.1 0 0 0 0 1 0 1 -1 1 0.1 0.1 0 0 0 1 0 -1 -1 1 0 0.1 0 0 0 1 0 1 -1 -1 0 0 0 0 0 -1 0 1 1 -1 0.1 0 0 0 0 -1 0 -1 1 -1 0.1 0.1 0 0 0 -1 0 -1 -1 -1 0 0.1 0 0 0 -1 0 -1 1 -1 0 0 0 0 1 0 0 1 1 -1 0.1 0 0 0 1 0 0 1 1 1 0.1 0.1 0 0 1 0 0 -1 1 1 0 0.1 0 0 1 0 0 -1 -1 1 0 0 0 0 -1 0 0 1 -1 1 0.1 0 0 0 -1 0 0 1 -1 -1 0.1 0.1 0 0 -1 0 0 -1 -1 -1 0 0.1 0 0 -1 0 0 1 -1 -1 0 0 0 1 0 0 0 1 -1 1 0 0.1 0 1 0 0 0 1 1 1 0.1 0.1 0 1 0 0 0 1 1 -1 0.1 0 0 1 0 0 0 -1 -1 -1 0 0 0 -1 0 0 0 -1 1 -1 0 0.1 0 -1 0 0 0 -1 1 1 0.1 0.1 0 -1 0 0 0 -1 -1 1 0.1 0 0 -1 0 0 0 
Indices: 0 1 2 2 3 0 4 5 6 6 7 4 8 9 10 10 11 8 12 13 14 14 15 12 16 17 18 18 19 16 20 21 22 22 23 20 
Cube
Position: -23 6 -12
Rotation: 0 0 0
Scale: 1 1 1
Door: 0
TextureIndex: 0
VerticesAfterTransformation: 
Index: 12
Invisible: false
CornerPositions: -1 1 1 0 0 0 0 0 1 0 1 1 1 0.1 0 0 0 0 1 0 1 -1 1 0.1 0.1 0 0 0 1 0 -1 -1 1 0 0.1 0 0 0 1 0 1 -1 -1 0 0 0 0 0 -1 0 1 1 -1 0.1 0 0 0 0 -1 0 -1 1 -1 0.1 0.1 0 0 0 -1 0 -1 -1 -1 0 0.1 0 0 0 -1 0 -1 1 -1 0 0 0 0 1 0 0 1 1 -1 0.1 0 0 0 1 0 0 1 1 1 0.1 0.1 0 0 1 0 0 -1 1 1 0 0.1 0 0 1 0 0 -1 -1 1 0 0 0 0 -1 0 0 1 -1 1 0.1 0 0 0 -1 0 0 1 -1 -1 0.1 0.1 0 0 -1 0 0 -1 -1 -1 0 0.1 0 0 -1 0 0 1 -1 -1 0 0 0 1 0 0 0 1 -1 1 0 0.1 0 1 0 0 0 1 1 1 0.1 0.1 0 1 0 0 0 1 1 -1 0.1 0 0 1 0 0 0 -1 -1 -1 0 0 0 -1 0 0 0 -1 1 -1 0 0.1 0 -1 0 0 0 -1 1 1 0.1 0.1 0 -1 0 0 0 -1 -1 1 0.1 0 0 -1 0 0 0 
Indices: 0 1 2 2 3 0 4 5 6 6 7 4 8 9 10 10 11 8 12 13 14 14 15 12 16 17 18 18 19 16 20 21 22 22 23 20 
Cube
Position: -23 6 -13
Rotation: 0 0 0
Scale: 1 1 1
Door: 0
TextureIndex: 0
VerticesAfterTransformation: 
Index: 13
Invisible: false
CornerPositions: -1 1 1 0 0 0 0 0 1 0 1 1 1 0.1 0 0 0 0 1 0 1 -1 1 0.1 0.1 0 0 0 1 0 -1 -1 1 0 0.1 0 0 0 1 0 1 -1 -1 0 0 0 0 0 -1 0 1 1 -1 0.1 0 0 0 0 -1 0 -1 1 -1 0.1 0.1 0 0 0 -1 0 -1 -1 -1 0 0.1 0 0 0 -1 0 -1 1 -1 0 0 0 0 1 0 0 1 1 -1 0.1 0 0 0 1 0 0 1 1 1 0.1 0.1 0 0 1 0 0 -1 1 1 0 0.1 0 0 1 0 0 -1 -1 1 0 0 0 0 -1 0 0 1 -1 1 0.1 0 0 0 -1 0 0 1 -1 -1 0.1 0.1 0 0 -1 0 0 -1 -1 -1 0 0.1 0 0 -1 0 0 1 -1 -1 0 0 0 1 0 0 0 1 -1 1 0 0.1 0 1 0 0 0 1 1 1 0.1 0.1 0 1 0 0 0 1 1 -1 0.1 0 0 1 0 0 0 -1 -1 -1 0 0 0 -1 0 0 0 -1 1 -1 0 0.1 0 -1 0 0 0 -1 1 1 0.1 0.1 0 -1 0 0 0 -1 -1 1 0.1 0 0 -1 0 0 0 
Indices: 0 1 2 2 3 0 4 5 6 6 7 4 8 9 10 10 11 8 12 13 14 14 15 12 16 17 18 18 19 16 20 21 22 22 23 20 
Cube
Position: -23 5 -13
Rotation: 0 0 0
Scale: 1 1 1
Door: 0
TextureIndex: 0
VerticesAfterTransformation: 
Index: 14
Invisible: false
CornerPositions: -1 1 1 0 0 0 0 0 1 0 1 1 1 0.1 0 0 0 0 1 0 1 -1 1 0.1 0.1 0 0 0 1 0 -1 -1 1 0 0.1 0 0 0 1 0 1 -1 -1 0 0 0 0 0 -1 0 1 1 -1 0.1 0 0 0 0 -1 0 -1 1 -1 0.1 0.1 0 0 0 -1 0 -1 -1 -1 0 0.1 0 0 0 -1 0 -1 1 -1 0 0 0 0 1 0 0 1 1 -1 0.1 0 0 0 1 0 0 1 1 1 0.1 0.1 0 0 1 0 0 -1 1 1 0 0.1 0 0 1 0 0 -1 -1 1 0 0 0 0 -1 0 0 1 -1 1 0.1 0 0 0 -1 0 0 1 -1 -1 0.1 0.1 0 0 -1 0 0 -1 -1 -1 0 0.1 0 0 -1 0 0 1 -1 -1 0 0 0 1 0 0 0 1 -1 1 0 0.1 0 1 0 0 0 1 1 1 0.1 0.1 0 1 0 0 0 1 1 -1 0.1 0 0 1 0 0 0 -1 -1 -1 0 0 0 -1 0 0 0 -1 1 -1 0 0.1 0 -1 0 0 0 -1 1 1 0.1 0.1 0 -1 0 0 0 -1 -1 1 0.1 0 0 -1 0 0 0 
Indices: 0 1 2 2 3 0 4 5 6 6 7 4 8 9 10 10 11 8 12 13 14 14 15 12 16 17 18 18 19 16 20 21 22 22 23 20 
Cube
Position: -23 5 -14
Rotation: 0 0 0
Scale: 1 1 1
Door: 0
TextureIndex: 0
VerticesAfterTransformation: 
Index: 15
Invisible: false
CornerPositions: -1 1 1 0 0 0 0 0 1 0 1 1 1 0.1 0 0 0 0 1 0 1 -1 1 0.1 0.1 0 0 0 1 0 -1 -1 1 0 0.1 0 0 0 1 0 1 -1 -1 0 0 0 0 0 -1 0 1 1 -1 0.1 0 0 0 0 -1 0 -1 1 -1 0.1 0.1 0 0 0 -1 0 -1 -1 -1 0 0.1 0 0 0 -1 0 -1 1 -1 0 0 0 0 1 0 0 1 1 -1 0.1 0 0 0 1 0 0 1 1 1 0.1 0.1 0 0 1 0 0 -1 1 1 0 0.1 0 0 1 0 0 -1 -1 1 0 0 0 0 -1 0 0 1 -1 1 0.1 0 0 0 -1 0 0 1 -1 -1 0.1 0.1 0 0 -1 0 0 -1 -1 -1 0 0.1 0 0 -1 0 0 1 -1 -1 0 0 0 1 0 0 0 1 -1 1 0 0.1 0 1 0 0 0 1 1 1 0.1 0.1 0 1 0 0 0 1 1 -1 0.1 0 0 1 0 0 0 -1 -1 -1 0 0 0 -1 0 0 0 -1 1 -1 0 0.1 0 -1 0 0 0 -1 1 1 0.1 0.1 0 -1 0 0 0 -1 -1 1 0.1 0 0 -1 0 0 0 
Indices: 0 1 2 2 3 0 4 5 6 6 7 4 8 9 10 10 11 8 12 13 14 14 15 12 16 17 18 18 19 16 20 21 22 22 23 20 
Cube
Position: -24 5 -14
Rotation: 0 0 0
Scale: 1 1 1
Door: 0
TextureIndex: 0
VerticesAfterTransformation: 
Index: 16
Invisible: false
CornerPositions: -1 1 1 0 0 0 0 0 1 0 1 1 1 0.1 0 0 0 0 1 0 1 -1 1 0.1 0.1 0 0 0 1 0 -1 -1 1 0 0.1 0 0 0 1 0 1 -1 -1 0 0 0 0 0 -1 0 1 1 -1 0.1 0 0 0 0 -1 0 -1 1 -1 0.1 0.1 0 0 0 -1 0 -1 -1 -1 0 0.1 0 0 0 -1 0 -1 1 -1 0 0 0 0 1 0 0 1 1 -1 0.1 0 0 0 1 0 0 1 1 1 0.1 0.1 0 0 1 0 0 -1 1 1 0 0.1 0 0 1 0 0 -1 -1 1 0 0 0 0 -1 0 0 1 -1 1 0.1 0 0 0 -1 0 0 1 -1 -1 0.1 0.1 0 0 -1 0 0 -1 -1 -1 0 0.1 0 0 -1 0 0 1 -1 -1 0 0 0 1 0 0 0 1 -1 1 0 0.1 0 1 0 0 0 1 1 1 0.1 0.1 0 1 0 0 0 1 1 -1 0.1 0 0 1 0 0 0 -1 -1 -1 0 0 0 -1 0 0 0 -1 1 -1 0 0.1 0 -1 0 0 0 -1 1 1 0.1 0.1 0 -1 0 0 0 -1 -1 1 0.1 0 0 -1 0 0 0 
Indices: 0 1 2 2 3 0 4 5 6 6 7 4 8 9 10 10 11 8 12 13 14 14 15 12 16 17 18 18 19 16 20 21 22 22 23 20 
Cube
Position: -24 4 -14
Rotation: 0 0 0
Scale: 1 1 1
Door: 0
TextureIndex: 0
VerticesAfterTransformation: 
Index: 17
Invisible: false
CornerPositions: -1 1 1 0 0 0 0 0 1 0 1 1 1 0.1 0 0 0 0 1 0 1 -1 1 0.1 0.1 0 0 0 1 0 -1 -1 1 0 0.1 0 0 0 1 0 1 -1 -1 0 0 0 0 0 -1 0 1 1 -1 0.1 0 0 0 0 -1 0 -1 1 -1 0.1 0.1 0 0 0 -1 0 -1 -1 -1 0 0.1 0 0 0 -1 0 -1 1 -1 0 0 0 0 1 0 0 1 1 -1 0.1 0 0 0 1 0 0 1 1 1 0.1 0.1 0 0 1 0 0 -1 1 1 0 0.1 0 0 1 0 0 -1 -1 1 0 0 0 0 -1 0 0 1 -1 1 0.1 0 0 0 -1 0 0 1 -1 -1 0.1 0.1 0 0 -1 0 0 -1 -1 -1 0 0.1 0 0 -1 0 0 1 -1 -1 0 0 0 1 0 0 0 1 -1 1 0 0.1 0 1 0 0 0 1 1 1 0.1 0.1 0 1 0 0 0 1 1 -1 0.1 0 0 1 0 0 0 -1 -1 -1 0 0 0 -1 0 0 0 -1 1 -1 0 0.1 0 -1 0 0 0 -1 1 1 0.1 0.1 0 -1 0 0 0 -1 -1 1 0.1 0 0 -1 0 0 0 
Indices: 0 1 2 2 3 0 4 5 6 6 7 4 8 9 10 10 11 8 12 13 14 14 15 12 16 17 18 18 19 16 20 21 22 22 23 20 
Cube
Position: -25 4 -14
Rotation: 0 0 0
Scale: 1 1 1
Door: 0
TextureIndex: 0
VerticesAfterTransformation: 
Index: 18
Invisible: false
CornerPositions: -1 1 1 0 0 0 0 0 1 0 1 1 1 0.1 0 0 0 0 1 0 1 -1 1 0.1 0.1 0 0 0 1 0 -1 -1 1 0 0.1 0 0 0 1 0 1 -1 -1 0 0 0 0 0 -1 0 1 1 -1 0.1 0 0 0 0 -1 0 -1 1 -1 0.1 0.1 0 0 0 -1 0 -1 -1 -1 0 0.1 0 0 0 -1 0 -1 1 -1 0 0 0 0 1 0 0 1 1 -1 0.1 0 0 0 1 0 0 1 1 1 0.1 0.1 0 0 1 0 0 -1 1 1 0 0.1 0 0 1 0 0 -1 -1 1 0 0 0 0 -1 0 0 1 -1 1 0.1 0 0 0 -1 0 0 1 -1 -1 0.1 0.1 0 0 -1 0 0 -1 -1 -1 0 0.1 0 0 -1 0 0 1 -1 -1 0 0 0 1 0 0 0 1 -1 1 0 0.1 0 1 0 0 0 1 1 1 0.1 0.1 0 1 0 0 0 1 1 -1 0.1 0 0 1 0 0 0 -1 -1 -1 0 0 0 -1 0 0 0 -1 1 -1 0 0.1 0 -1 0 0 0 -1 1 1 0.1 0.1 0 -1 0 0 0 -1 -1 1 0.1 0 0 -1 0 0 0 
Indices: 0 1 2 2 3 0 4 5 6 6 7 4 8 9 10 10 11 8 12 13 14 14 15 12 16 17 18 18 19 16 20 21 22 22 23 20 
Cube
Position: -25 4 -13
Rotation: 0 0 0
Scale: 1 1 1
Door: 0
TextureIndex: 0
VerticesAfterTransformation: 
Index: 19
Invisible: false
CornerPositions: -1 1 1 0 0 0 0 0 1 0 1 1 1 0.1 0 0 0 0 1 0 1 -1 1 0.1 0.1 0 0 0 1 0 -1 -1 1 0 0.1 0 0 0 1 0 1 -1 -1 0 0 0 0 0 -1 0 1 1 -1 0.1 0 0 0 0 -1 0 -1 1 -1 0.1 0.1 0 0 0 -1 0 -1 -1 -1 0 0.1 0 0 0 -1 0 -1 1 -1 0 0 0 0 1 0 0 1 1 -1 0.1 0 0 0 1 0 0 1 1 1 0.1 0.1 0 0 1 0 0 -1 1 1 0 0.1 0 0 1 0 0 -1 -1 1 0 0 0 0 -1 0 0 1 -1 1 0.1 0 0 0 -1 0 0 1 -1 -1 0.1 0.1 0 0 -1 0 0 -1 -1 -1 0 0.1 0 0 -1 0 0 1 -1 -1 0 0 0 1 0 0 0 1 -1 1 0 0.1 0 1 0 0 0 1 1 1 0.1 0.1 0 1 0 0 0 1 1 -1 0.1 0 0 1 0 0 0 -1 -1 -1 0 0 0 -1 0 0 0 -1 1 -1 0 0.1 0 -1 0 0 0 -1 1 1 0.1 0.1 0 -1 0 0 0 -1 -1 1 0.1 0 0 -1 0 0 0 
Indices: 0 1 2 2 3 0 4 5 6 6 7 4 8 9 10 10 11 8 12 13 14 14 15 12 16 17 18 18 19 16 20 21 22 22 23 20 
Cube
Position: -26 4 -13
Rotation: 0 0 0
Scale: 1 1 1
Door: 0
TextureIndex: 0
VerticesAfterTransformation: 
Index: 20
Invisible: false
CornerPositions: -1 1 1 0 0 0 0 0 1 0 1 1 1 0.1 0 0 0 0 1 0 1 -1 1 0.1 0.1 0 0 0 1 0 -1 -1 1 0 0.1 0 0 0 1 0 1 -1 -1 0 0 0 0 0 -1 0 1 1 -1 0.1 0 0 0 0 -1 0 -1 1 -1 0.1 0.1 0 0 0 -1 0 -1 -1 -1 0 0.1 0 0 0 -1 0 -1 1 -1 0 0 0 0 1 0 0 1 1 -1 0.1 0 0 0 1 0 0 1 1 1 0.1 0.1 0 0 1 0 0 -1 1 1 0 0.1 0 0 1 0 0 -1 -1 1 0 0 0 0 -1 0 0 1 -1 1 0.1 0 0 0 -1 0 0 1 -1 -1 0.1 0.1 0 0 -1 0 0 -1 -1 -1 0 0.1 0 0 -1 0 0 1 -1 -1 0 0 0 1 0 0 0 1 -1 1 0 0.1 0 1 0 0 0 1 1 1 0.1 0.1 0 1 0 0 0 1 1 -1 0.1 0 0 1 0 0 0 -1 -1 -1 0 0 0 -1 0 0 0 -1 1 -1 0 0.1 0 -1 0 0 0 -1 1 1 0.1 0.1 0 -1 0 0 0 -1 -1 1 0.1 0 0 -1 0 0 0 
Indices: 0 1 2 2 3 0 4 5 6 6 7 4 8 9 10 10 11 8 12 13 14 14 15 12 16 17 18 18 19 16 20 21 22 22 23 20 
Cube
Position: -26 3 -12
Rotation: 0 0 0
Scale: 1 1 1
Door: 0
TextureIndex: 0
VerticesAfterTransformation: 
Index: 21
Invisible: false
CornerPositions: -1 1 1 0 0 0 0 0 1 0 1 1 1 0.1 0 0 0 0 1 0 1 -1 1 0.1 0.1 0 0 0 1 0 -1 -1 1 0 0.1 0 0 0 1 0 1 -1 -1 0 0 0 0 0 -1 0 1 1 -1 0.1 0 0 0 0 -1 0 -1 1 -1 0.1 0.1 0 0 0 -1 0 -1 -1 -1 0 0.1 0 0 0 -1 0 -1 1 -1 0 0 0 0 1 0 0 1 1 -1 0.1 0 0 0 1 0 0 1 1 1 0.1 0.1 0 0 1 0 0 -1 1 1 0 0.1 0 0 1 0 0 -1 -1 1 0 0 0 0 -1 0 0 1 -1 1 0.1 0 0 0 -1 0 0 1 -1 -1 0.1 0.1 0 0 -1 0 0 -1 -1 -1 0 0.1 0 0 -1 0 0 1 -1 -1 0 0 0 1 0 0 0 1 -1 1 0 0.1 0 1 0 0 0 1 1 1 0.1 0.1 0 1 0 0 0 1 1 -1 0.1 0 0 1 0 0 0 -1 -1 -1 0 0 0 -1 0 0 0 -1 1 -1 0 0.1 0 -1 0 0 0 -1 1 1 0.1 0.1 0 -1 0 0 0 -1 -1 1 0.1 0 0 -1 0 0 0 
Indices: 0 1 2 2 3 0 4 5 6 6 7 4 8 9 10 10 11 8 12 13 14 14 15 12 16 17 18 18 19 16 20 21 22 22 23 20 
Cube
Position: -27 3 -12
Rotation: 0 0 0
Scale: 1 1 1
Door: 0
TextureIndex: 0
VerticesAfterTransformation: 
Index: 22
Invisible: false
CornerPositions: -1 1 1 0 0 0 0 0 1 0 1 1 1 0.1 0 0 0 0 1 0 1 -1 1 0.1 0.1 0 0 0 1 0 -1 -1 1 0 0.1 0 0 0 1 0 1 -1 -1 0 0 0 0 0 -1 0 1 1 -1 0.1 0 0 0 0 -1 0 -1 1 -1 0.1 0.1 0 0 0 -1 0 -1 -1 -1 0 0.1 0 0 0 -1 0 -1 1 -1 0 0 0 0 1 0 0 1 1 -1 0.1 0 0 0 1 0 0 1 1 1 0.1 0.1 0 0 1 0 0 -1 1 1 0 0.1 0 0 1 0 0 -1 -1 1 0 0 0 0 -1 0 0 1 -1 1 0.1 0 0 0 -1 0 0 1 -1 -1 0.1 0.1 0 0 -1 0 0 -1 -1 -1 0 0.1 0 0 -1 0 0 1 -1 -1 0 0 0 1 0 0 0 1 -1 1 0 0.1 0 1 0 0 0 1 1 1 0.1 0.1 0 1 0 0 0 1 1 -1 0.1 0 0 1 0 0 0 -1 -1 -1 0 0 0 -1 0 0 0 -1 1 -1 0 0.1 0 -1 0 0 0 -1 1 1 0.1 0.1 0 -1 0 0 0 -1 -1 1 0.1 0 0 -1 0 0 0 
Indices: 0 1 2 2 3 0 4 5 6 6 7 4 8 9 10 10 11 8 12 13 14 14 15 12 16 17 18 18 19 16 20 21 22 22 23 20 
Cube
Position: -27 3 -11
Rotation: 0 0 0
Scale: 1 1 1
Door: 0
TextureIndex: 0
VerticesAfterTransformation: 
Index: 23
Invisible: false
CornerPositions: -1 1 1 0 0 0 0 0 1 0 1 1 1 0.1 0 0 0 0 1 0 1 -1 1 0.1 0.1 0 0 0 1 0 -1 -1 1 0 0.1 0 0 0 1 0 1 -1 -1 0 0 0 0 0 -1 0 1 1 -1 0.1 0 0 0 0 -1 0 -1 1 -1 0.1 0.1 0 0 0 -1 0 -1 -1 -1 0 0.1 0 0 0 -1 0 -1 1 -1 0 0 0 0 1 0 0 1 1 -1 0.1 0 0 0 1 0 0 1 1 1 0.1 0.1 0 0 1 0 0 -1 1 1 0 0.1 0 0 1 0 0 -1 -1 1 0 0 0 0 -1 0 0 1 -1 1 0.1 0 0 0 -1 0 0 1 -1 -1 0.1 0.1 0 0 -1 0 0 -1 -1 -1 0 0.1 0 0 -1 0 0 1 -1 -1 0 0 0 1 0 0 0 1 -1 1 0 0.1 0 1 0 0 0 1 1 1 0.1 0.1 0 1 0 0 0 1 1 -1 0.1 0 0 1 0 0 0 -1 -1 -1 0 0 0 -1 0 0 0 -1 1 -1 0 0.1 0 -1 0 0 0 -1 1 1 0.1 0.1 0 -1 0 0 0 -1 -1 1 0.1 0 0 -1 0 0 0 
Indices: 0 1 2 2 3 0 4 5 6 6 7 4 8 9 10 10 11 8 12 13 14 14 15 12 16 17 18 18 19 16 20 21 22 22 23 20 
Cube
Position: -26 3 -13
Rotation: 0 0 0
Scale: 1 1 1
Door: 0
TextureIndex: 0
VerticesAfterTransformation: 
Index: 24
Invisible: false
CornerPositions: -1 1 1 0 0 0 0 0 1 0 1 1 1 0.1 0 0 0 0 1 0 1 -1 1 0.1 0.1 0 0 0 1 0 -1 -1 1 0 0.1 0 0 0 1 0 1 -1 -1 0 0 0 0 0 -1 0 1 1 -1 0.1 0 0 0 0 -1 0 -1 1 -1 0.1 0.1 0 0 0 -1 0 -1 -1 -1 0 0.1 0 0 0 -1 0 -1 1 -1 0 0 0 0 1 0 0 1 1 -1 0.1 0 0 0 1 0 0 1 1 1 0.1 0.1 0 0 1 0 0 -1 1 1 0 0.1 0 0 1 0 0 -1 -1 1 0 0 0 0 -1 0 0 1 -1 1 0.1 0 0 0 -1 0 0 1 -1 -1 0.1 0.1 0 0 -1 0 0 -1 -1 -1 0 0.1 0 0 -1 0 0 1 -1 -1 0 0 0 1 0 0 0 1 -1 1 0 0.1 0 1 0 0 0 1 1 1 0.1 0.1 0 1 0 0 0 1 1 -1 0.1 0 0 1 0 0 0 -1 -1 -1 0 0 0 -1 0 0 0 -1 1 -1 0 0.1 0 -1 0 0 0 -1 1 1 0.1 0.1 0 -1 0 0 0 -1 -1 1 0.1 0 0 -1 0 0 0 
Indices: 0 1 2 2 3 0 4 5 6 6 7 4 8 9 10 10 11 8 12 13 14 14 15 12 16 17 18 18 19 16 20 21 22 22 23 20 
Cube
Position: -26 3 -14
Rotation: 0 0 0
Scale: 1 1 1
Door: 0
TextureIndex: 0
VerticesAfterTransformation: 
Index: 25
Invisible: false
CornerPositions: -1 1 1 0 0 0 0 0 1 0 1 1 1 0.1 0 0 0 0 1 0 1 -1 1 0.1 0.1 0 0 0 1 0 -1 -1 1 0 0.1 0 0 0 1 0 1 -1 -1 0 0 0 0 0 -1 0 1 1 -1 0.1 0 0 0 0 -1 0 -1 1 -1 0.1 0.1 0 0 0 -1 0 -1 -1 -1 0 0.1 0 0 0 -1 0 -1 1 -1 0 0 0 0 1 0 0 1 1 -1 0.1 0 0 0 1 0 0 1 1 1 0.1 0.1 0 0 1 0 0 -1 1 1 0 0.1 0 0 1 0 0 -1 -1 1 0 0 0 0 -1 0 0 1 -1 1 0.1 0 0 0 -1 0 0 1 -1 -1 0.1 0.1 0 0 -1 0 0 -1 -1 -1 0 0.1 0 0 -1 0 0 1 -1 -1 0 0 0 1 0 0 0 1 -1 1 0 0.1 0 1 0 0 0 1 1 1 0.1 0.1 0 1 0 0 0 1 1 -1 0.1 0 0 1 0 0 0 -1 -1 -1 0 0 0 -1 0 0 0 -1 1 -1 0 0.1 0 -1 0 0 0 -1 1 1 0.1 0.1 0 -1 0 0 0 -1 -1 1 0.1 0 0 -1 0 0 0 
Indices: 0 1 2 2 3 0 4 5 6 6 7 4 8 9 10 10 11 8 12 13 14 14 15 12 16 17 18 18 19 16 20 21 22 22 23 20 
Cube
Position: -25 3 -14
Rotation: 0 0 0
Scale: 1 1 1
Door: 0
TextureIndex: 0
VerticesAfterTransformation: 
Index: 26
Invisible: false
CornerPositions: -1 1 1 0 0 0 0 0 1 0 1 1 1 0.1 0 0 0 0 1 0 1 -1 1 0.1 0.1 0 0 0 1 0 -1 -1 1 0 0.1 0 0 0 1 0 1 -1 -1 0 0 0 0 0 -1 0 1 1 -1 0.1 0 0 0 0 -1 0 -1 1 -1 0.1 0.1 0 0 0 -1 0 -1 -1 -1 0 0.1 0 0 0 -1 0 -1 1 -1 0 0 0 0 1 0 0 1 1 -1 0.1 0 0 0 1 0 0 1 1 1 0.1 0.1 0 0 1 0 0 -1 1 1 0 0.1 0 0 1 0 0 -1 -1 1 0 0 0 0 -1 0 0 1 -1 1 0.1 0 0 0 -1 0 0 1 -1 -1 0.1 0.1 0 0 -1 0 0 -1 -1 -1 0 0.1 0 0 -1 0 0 1 -1 -1 0 0 0 1 0 0 0 1 -1 1 0 0.1 0 1 0 0 0 1 1 1 0.1 0.1 0 1 0 0 0 1 1 -1 0.1 0 0 1 0 0 0 -1 -1 -1 0 0 0 -1 0 0 0 -1 1 -1 0 0.1 0 -1 0 0 0 -1 1 1 0.1 0.1 0 -1 0 0 0 -1 -1 1 0.1 0 0 -1 0 0 0 
Indices: 0 1 2 2 3 0 4 5 6 6 7 4 8 9 10 10 11 8 12 13 14 14 15 12 16 17 18 18 19 16 20 21 22 22 23 20 
Cube
Position: -25 2 -15
Rotation: 0 0 0
Scale: 1 1 1
Door: 0
TextureIndex: 0
VerticesAfterTransformation: 
Index: 27
Invisible: false
CornerPositions: -1 1 1 0 0 0 0 0 1 0 1 1 1 0.1 0 0 0 0 1 0 1 -1 1 0.1 0.1 0 0 0 1 0 -1 -1 1 0 0.1 0 0 0 1 0 1 -1 -1 0 0 0 0 0 -1 0 1 1 -1 0.1 0 0 0 0 -1 0 -1 1 -1 0.1 0.1 0 0 0 -1 0 -1 -1 -1 0 0.1 0 0 0 -1 0 -1 1 -1 0 0 0 0 1 0 0 1 1 -1 0.1 0 0 0 1 0 0 1 1 1 0.1 0.1 0 0 1 0 0 -1 1 1 0 0.1 0 0 1 0 0 -1 -1 1 0 0 0 0 -1 0 0 1 -1 1 0.1 0 0 0 -1 0 0 1 -1 -1 0.1 0.1 0 0 -1 0 0 -1 -1 -1 0 0.1 0 0 -1 0 0 1 -1 -1 0 0 0 1 0 0 0 1 -1 1 0 0.1 0 1 0 0 0 1 1 1 0.1 0.1 0 1 0 0 0 1 1 -1 0.1 0 0 1 0 0 0 -1 -1 -1 0 0 0 -1 0 0 0 -1 1 -1 0 0.1 0 -1 0 0 0 -1 1 1 0.1 0.1 0 -1 0 0 0 -1 -1 1 0.1 0 0 -1 0 0 0 
Indices: 0 1 2 2 3 0 4 5 6 6 7 4 8 9 10 10 11 8 12 13 14 14 15 12 16 17 18 18 19 16 20 21 22 22 23 20 
Cube
Position: -24 2 -15
Rotation: 0 0 0
Scale: 1 1 1
Door: 0
TextureIndex: 0
VerticesAfterTransformation: 
Index: 28
Invisible: false
CornerPositions: -1 1 1 0 0 0 0 0 1 0 1 1 1 0.1 0 0 0 0 1 0 1 -1 1 0.1 0.1 0 0 0 1 0 -1 -1 1 0 0.1 0 0 0 1 0 1 -1 -1 0 0 0 0 0 -1 0 1 1 -1 0.1 0 0 0 0 -1 0 -1 1 -1 0.1 0.1 0 0 0 -1 0 -1 -1 -1 0 0.1 0 0 0 -1 0 -1 1 -1 0 0 0 0 1 0 0 1 1 -1 0.1 0 0 0 1 0 0 1 1 1 0.1 0.1 0 0 1 0 0 -1 1 1 0 0.1 0 0 1 0 0 -1 -1 1 0 0 0 0 -1 0 0 1 -1 1 0.1 0 0 0 -1 0 0 1 -1 -1 0.1 0.1 0 0 -1 0 0 -1 -1 -1 0 0.1 0 0 -1 0 0 1 -1 -1 0 0 0 1 0 0 0 1 -1 1 0 0.1 0 1 0 0 0 1 1 1 0.1 0.1 0 1 0 0 0 1 1 -1 0.1 0 0 1 0 0 0 -1 -1 -1 0 0 0 -1 0 0 0 -1 1 -1 0 0.1 0 -1 0 0 0 -1 1 1 0.1 0.1 0 -1 0 0 0 -1 -1 1 0.1 0 0 -1 0 0 0 
Indices: 0 1 2 2 3 0 4 5 6 6 7 4 8 9 10 10 11 8 12 13 14 14 15 12 16 17 18 18 19 16 20 21 22 22 23 20 
Cube
Position: -24 1 -15
Rotation: 0 0 0
Scale: 1 1 1
Door: 0
TextureIndex: 0
VerticesAfterTransformation: 
Index: 29
Invisible: false
CornerPositions: -1 1 1 0 0 0 0 0 1 0 1 1 1 0.1 0 0 0 0 1 0 1 -1 1 0.1 0.1 0 0 0 1 0 -1 -1 1 0 0.1 0 0 0 1 0 1 -1 -1 0 0 0 0 0 -1 0 1 1 -1 0.1 0 0 0 0 -1 0 -1 1 -1 0.1 0.1 0 0 0 -1 0 -1 -1 -1 0 0.1 0 0 0 -1 0 -1 1 -1 0 0 0 0 1 0 0 1 1 -1 0.1 0 0 0 1 0 0 1 1 1 0.1 0.1 0 0 1 0 0 -1 1 1 0 0.1 0 0 1 0 0 -1 -1 1 0 0 0 0 -1 0 0 1 -1 1 0.1 0 0 0 -1 0 0 1 -1 -1 0.1 0.1 0 0 -1 0 0 -1 -1 -1 0 0.1 0 0 -1 0 0 1 -1 -1 0 0 0 1 0 0 0 1 -1 1 0 0.1 0 1 0 0 0 1 1 1 0.1 0.1 0 1 0 0 0 1 1 -1 0.1 0 0 1 0 0 0 -1 -1 -1 0 0 0 -1 0 0 0 -1 1 -1 0 0.1 0 -1 0 0 0 -1 1 1 0.1 0.1 0 -1 0 0 0 -1 -1 1 0.1 0 0 -1 0 0 0 
Indices: 0 1 2 2 3 0 4 5 6 6 7 4 8 9 10 10 11 8 12 13 14 14 15 12 16 17 18 18 19 16 20 21 22 22 23 20 
Cube
Position: -24 1 -16
Rotation: 0 0 0
Scale: 1 1 1
Door: 0
TextureIndex: 0
VerticesAfterTransformation: 
Index: 30
Invisible: false
CornerPositions: -1 1 1 0 0 0 0 0 1 0 1 1 1 0.1 0 0 0 0 1 0 1 -1 1 0.1 0.1 0 0 0 1 0 -1 -1 1 0 0.1 0 0 0 1 0 1 -1 -1 0 0 0 0 0 -1 0 1 1 -1 0.1 0 0 0 0 -1 0 -1 1 -1 0.1 0.1 0 0 0 -1 0 -1 -1 -1 0 0.1 0 0 0 -1 0 -1 1 -1 0 0 0 0 1 0 0 1 1 -1 0.1 0 0 0 1 0 0 1 1 1 0.1 0.1 0 0 1 0 0 -1 1 1 0 0.1 0 0 1 0 0 -1 -1 1 0 0 0 0 -1 0 0 1 -1 1 0.1 0 0 0 -1 0 0 1 -1 -1 0.1 0.1 0 0 -1 0 0 -1 -1 -1 0 0.1 0 0 -1 0 0 1 -1 -1 0 0 0 1 0 0 0 1 -1 1 0 0.1 0 1 0 0 0 1 1 1 0.1 0.1 0 1 0 0 0 1 1 -1 0.1 0 0 1 0 0 0 -1 -1 -1 0 0 0 -1 0 0 0 -1 1 -1 0 0.1 0 -1 0 0 0 -1 1 1 0.1 0.1 0 -1 0 0 0 -1 -1 1 0.1 0 0 -1 0 0 0 
Indices: 0 1 2 2 3 0 4 5 6 6 7 4 8 9 10 10 11 8 12 13 14 14 15 12 16 17 18 18 19 16 20 21 22 22 23 20 
Cube
Position: -24 0 -16
Rotation: 0 0 0
Scale: 1 1 1
Door: 0
TextureIndex: 0
VerticesAfterTransformation: 
Index: 31
Invisible: false
CornerPositions: -1 1 1 0 0 0 0 0 1 0 1 1 1 0.1 0 0 0 0 1 0 1 -1 1 0.1 0.1 0 0 0 1 0 -1 -1 1 0 0.1 0 0 0 1 0 1 -1 -1 0 0 0 0 0 -1 0 1 1 -1 0.1 0 0 0 0 -1 0 -1 1 -1 0.1 0.1 0 0 0 -1 0 -1 -1 -1 0 0.1 0 0 0 -1 0 -1 1 -1 0 0 0 0 1 0 0 1 1 -1 0.1 0 0 0 1 0 0 1 1 1 0.1 0.1 0 0 1 0 0 -1 1 1 0 0.1 0 0 1 0 0 -1 -1 1 0 0 0 0 -1 0 0 1 -1 1 0.1 0 0 0 -1 0 0 1 -1 -1 0.1 0.1 0 0 -1 0 0 -1 -1 -1 0 0.1 0 0 -1 0 0 1 -1 -1 0 0 0 1 0 0 0 1 -1 1 0 0.1 0 1 0 0 0 1 1 1 0.1 0.1 0 1 0 0 0 1 1 -1 0.1 0 0 1 0 0 0 -1 -1 -1 0 0 0 -1 0 0 0 -1 1 -1 0 0.1 0 -1 0 0 0 -1 1 1 0.1 0.1 0 -1 0 0 0 -1 -1 1 0.1 0 0 -1 0 0 0 
Indices: 0 1 2 2 3 0 4 5 6 6 7 4 8 9 10 10 11 8 12 13 14 14 15 12 16 17 18 18 19 16 20 21 22 22 23 20 
Cube
Position: -24 -1 -16
Rotation: 0 0 0
Scale: 1 1 1
Door: 0
TextureIndex: 0
VerticesAfterTransformation: 
Index: 32
Invisible: false
CornerPositions: -1 1 1 0 0 0 0 0 1 0 1 1 1 0.1 0 0 0 0 1 0 1 -1 1 0.1 0.1 0 0 0 1 0 -1 -1 1 0 0.1 0 0 0 1 0 1 -1 -1 0 0 0 0 0 -1 0 1 1 -1 0.1 0 0 0 0 -1 0 -1 1 -1 0.1 0.1 0 0 0 -1 0 -1 -1 -1 0 0.1 0 0 0 -1 0 -1 1 -1 0 0 0 0 1 0 0 1 1 -1 0.1 0 0 0 1 0 0 1 1 1 0.1 0.1 0 0 1 0 0 -1 1 1 0 0.1 0 0 1 0 0 -1 -1 1 0 0 0 0 -1 0 0 1 -1 1 0.1 0 0 0 -1 0 0 1 -1 -1 0.1 0.1 0 0 -1 0 0 -1 -1 -1 0 0.1 0 0 -1 0 0 1 -1 -1 0 0 0 1 0 0 0 1 -1 1 0 0.1 0 1 0 0 0 1 1 1 0.1 0.1 0 1 0 0 0 1 1 -1 0.1 0 0 1 0 0 0 -1 -1 -1 0 0 0 -1 0 0 0 -1 1 -1 0 0.1 0 -1 0 0 0 -1 1 1 0.1 0.1 0 -1 0 0 0 -1 -1 1 0.1 0 0 -1 0 0 0 
Indices: 0 1 2 2 3 0 4 5 6 6 7 4 8 9 10 10 11 8 12 13 14 14 15 12 16 17 18 18 19 16 20 21 22 22 23 20 
Cube
Position: -25 -1 -16
Rotation: 0 0 0
Scale: 1 1 1
Door: 0
TextureIndex: 0
VerticesAfterTransformation: 
Index: 33
Invisible: false
CornerPositions: -1 1 1 0 0 0 0 0 1 0 1 1 1 0.1 0 0 0 0 1 0 1 -1 1 0.1 0.1 0 0 0 1 0 -1 -1 1 0 0.1 0 0 0 1 0 1 -1 -1 0 0 0 0 0 -1 0 1 1 -1 0.1 0 0 0 0 -1 0 -1 1 -1 0.1 0.1 0 0 0 -1 0 -1 -1 -1 0 0.1 0 0 0 -1 0 -1 1 -1 0 0 0 0 1 0 0 1 1 -1 0.1 0 0 0 1 0 0 1 1 1 0.1 0.1 0 0 1 0 0 -1 1 1 0 0.1 0 0 1 0 0 -1 -1 1 0 0 0 0 -1 0 0 1 -1 1 0.1 0 0 0 -1 0 0 1 -1 -1 0.1 0.1 0 0 -1 0 0 -1 -1 -1 0 0.1 0 0 -1 0 0 1 -1 -1 0 0 0 1 0 0 0 1 -1 1 0 0.1 0 1 0 0 0 1 1 1 0.1 0.1 0 1 0 0 0 1 1 -1 0.1 0 0 1 0 0 0 -1 -1 -1 0 0 0 -1 0 0 0 -1 1 -1 0 0.1 0 -1 0 0 0 -1 1 1 0.1 0.1 0 -1 0 0 0 -1 -1 1 0.1 0 0 -1 0 0 0 
Indices: 0 1 2 2 3 0 4 5 6 6 7 4 8 9 10 10 11 8 12 13 14 14 15 12 16 17 18 18 19 16 20 21 22 22 23 20 
Cube
Position: -25 -1 -15
Rotation: 0 0 0
Scale: 1 1 1
Door: 0
TextureIndex: 0
VerticesAfterTransformation: 
Index: 34
Invisible: false
CornerPositions: -1 1 1 0 0 0 0 0 1 0 1 1 1 0.1 0 0 0 0 1 0 1 -1 1 0.1 0.1 0 0 0 1 0 -1 -1 1 0 0.1 0 0 0 1 0 1 -1 -1 0 0 0 0 0 -1 0 1 1 -1 0.1 0 0 0 0 -1 0 -1 1 -1 0.1 0.1 0 0 0 -1 0 -1 -1 -1 0 0.1 0 0 0 -1 0 -1 1 -1 0 0 0 0 1 0 0 1 1 -1 0.1 0 0 0 1 0 0 1 1 1 0.1 0.1 0 0 1 0 0 -1 1 1 0 0.1 0 0 1 0 0 -1 -1 1 0 0 0 0 -1 0 0 1 -1 1 0.1 0 0 0 -1 0 0 1 -1 -1 0.1 0.1 0 0 -1 0 0 -1 -1 -1 0 0.1 0 0 -1 0 0 1 -1 -1 0 0 0 1 0 0 0 1 -1 1 0 0.1 0 1 0 0 0 1 1 1 0.1 0.1 0 1 0 0 0 1 1 -1 0.1 0 0 1 0 0 0 -1 -1 -1 0 0 0 -1 0 0 0 -1 1 -1 0 0.1 0 -1 0 0 0 -1 1 1 0.1 0.1 0 -1 0 0 0 -1 -1 1 0.1 0 0 -1 0 0 0 
Indices: 0 1 2 2 3 0 4 5 6 6 7 4 8 9 10 10 11 8 12 13 14 14 15 12 16 17 18 18 19 16 20 21 22 22 23 20 
Cube
Position: -26 -1 -15
Rotation: 0 0 0
Scale: 1 1 1
Door: 0
TextureIndex: 0
VerticesAfterTransformation: 
Index: 35
Invisible: false
CornerPositions: -1 1 1 0 0 0 0 0 1 0 1 1 1 0.1 0 0 0 0 1 0 1 -1 1 0.1 0.1 0 0 0 1 0 -1 -1 1 0 0.1 0 0 0 1 0 1 -1 -1 0 0 0 0 0 -1 0 1 1 -1 0.1 0 0 0 0 -1 0 -1 1 -1 0.1 0.1 0 0 0 -1 0 -1 -1 -1 0 0.1 0 0 0 -1 0 -1 1 -1 0 0 0 0 1 0 0 1 1 -1 0.1 0 0 0 1 0 0 1 1 1 0.1 0.1 0 0 1 0 0 -1 1 1 0 0.1 0 0 1 0 0 -1 -1 1 0 0 0 0 -1 0 0 1 -1 1 0.1 0 0 0 -1 0 0 1 -1 -1 0.1 0.1 0 0 -1 0 0 -1 -1 -1 0 0.1 0 0 -1 0 0 1 -1 -1 0 0 0 1 0 0 0 1 -1 1 0 0.1 0 1 0 0 0 1 1 1 0.1 0.1 0 1 0 0 0 1 1 -1 0.1 0 0 1 0 0 0 -1 -1 -1 0 0 0 -1 0 0 0 -1 1 -1 0 0.1 0 -1 0 0 0 -1 1 1 0.1 0.1 0 -1 0 0 0 -1 -1 1 0.1 0 0 -1 0 0 0 
Indices: 0 1 2 2 3 0 4 5 6 6 7 4 8 9 10 10 11 8 12 13 14 14 15 12 16 17 18 18 19 16 20 21 22 22 23 20 
Cube
Position: -26 -1 -14
Rotation: 0 0 0
Scale: 1 1 1
Door: 0
TextureIndex: 0
VerticesAfterTransformation: 
Index: 36
Invisible: false
CornerPositions: -1 1 1 0 0 0 0 0 1 0 1 1 1 0.1 0 0 0 0 1 0 1 -1 1 0.1 0.1 0 0 0 1 0 -1 -1 1 0 0.1 0 0 0 1 0 1 -1 -1 0 0 0 0 0 -1 0 1 1 -1 0.1 0 0 0 0 -1 0 -1 1 -1 0.1 0.1 0 0 0 -1 0 -1 -1 -1 0 0.1 0 0 0 -1 0 -1 1 -1 0 0 0 0 1 0 0 1 1 -1 0.1 0 0 0 1 0 0 1 1 1 0.1 0.1 0 0 1 0 0 -1 1 1 0 0.1 0 0 1 0 0 -1 -1 1 0 0 0 0 -1 0 0 1 -1 1 0.1 0 0 0 -1 0 0 1 -1 -1 0.1 0.1 0 0 -1 0 0 -1 -1 -1 0 0.1 0 0 -1 0 0 1 -1 -1 0 0 0 1 0 0 0 1 -1 1 0 0.1 0 1 0 0 0 1 1 1 0.1 0.1 0 1 0 0 0 1 1 -1 0.1 0 0 1 0 0 0 -1 -1 -1 0 0 0 -1 0 0 0 -1 1 -1 0 0.1 0 -1 0 0 0 -1 1 1 0.1 0.1 0 -1 0 0 0 -1 -1 1 0.1 0 0 -1 0 0 0 
Indices: 0 1 2 2 3 0 4 5 6 6 7 4 8 9 10 10 11 8 12 13 14 14 15 12 16 17 18 18 19 16 20 21 22 22 23 20 
Cube
Position: -27 -1 -14
Rotation: 0 0 0
Scale: 1 1 1
Door: 0
TextureIndex: 0
VerticesAfterTransformation: 
Index: 37
Invisible: false
CornerPositions: -1 1 1 0 0 0 0 0 1 0 1 1 1 0.1 0 0 0 0 1 0 1 -1 1 0.1 0.1 0 0 0 1 0 -1 -1 1 0 0.1 0 0 0 1 0 1 -1 -1 0 0 0 0 0 -1 0 1 1 -1 0.1 0 0 0 0 -1 0 -1 1 -1 0.1 0.1 0 0 0 -1 0 -1 -1 -1 0 0.1 0 0 0 -1 0 -1 1 -1 0 0 0 0 1 0 0 1 1 -1 0.1 0 0 0 1 0 0 1 1 1 0.1 0.1 0 0 1 0 0 -1 1 1 0 0.1 0 0 1 0 0 -1 -1 1 0 0 0 0 -1 0 0 1 -1 1 0.1 0 0 0 -1 0 0 1 -1 -1 0.1 0.1 0 0 -1 0 0 -1 -1 -1 0 0.1 0 0 -1 0 0 1 -1 -1 0 0 0 1 0 0 0 1 -1 1 0 0.1 0 1 0 0 0 1 1 1 0.1 0.1 0 1 0 0 0 1 1 -1 0.1 0 0 1 0 0 0 -1 -1 -1 0 0 0 -1 0 0 0 -1 1 -1 0 0.1 0 -1 0 0 0 -1 1 1 0.1 0.1 0 -1 0 0 0 -1 -1 1 0.1 0 0 -1 0 0 0 
Indices: 0 1 2 2 3 0 4 5 6 6 7 4 8 9 10 10 11 8 12 13 14 14 15 12 16 17 18 18 19 16 20 21 22 22 23 20 
Cube
Position: -27 -2 -14
Rotation: 0 0 0
Scale: 1 1 1
Door: 0
TextureIndex: 0
VerticesAfterTransformation: 
Index: 38
Invisible: false
CornerPositions: -1 1 1 0 0 0 0 0 1 0 1 1 1 0.1 0 0 0 0 1 0 1 -1 1 0.1 0.1 0 0 0 1 0 -1 -1 1 0 0.1 0 0 0 1 0 1 -1 -1 0 0 0 0 0 -1 0 1 1 -1 0.1 0 0 0 0 -1 0 -1 1 -1 0.1 0.1 0 0 0 -1 0 -1 -1 -1 0 0.1 0 0 0 -1 0 -1 1 -1 0 0 0 0 1 0 0 1 1 -1 0.1 0 0 0 1 0 0 1 1 1 0.1 0.1 0 0 1 0 0 -1 1 1 0 0.1 0 0 1 0 0 -1 -1 1 0 0 0 0 -1 0 0 1 -1 1 0.1 0 0 0 -1 0 0 1 -1 -1 0.1 0.1 0 0 -1 0 0 -1 -1 -1 0 0.1 0 0 -1 0 0 1 -1 -1 0 0 0 1 0 0 0 1 -1 1 0 0.1 0 1 0 0 0 1 1 1 0.1 0.1 0 1 0 0 0 1 1 -1 0.1 0 0 1 0 0 0 -1 -1 -1 0 0 0 -1 0 0 0 -1 1 -1 0 0.1 0 -1 0 0 0 -1 1 1 0.1 0.1 0 -1 0 0 0 -1 -1 1 0.1 0 0 -1 0 0 0 
Indices: 0 1 2 2 3 0 4 5 6 6 7 4 8 9 10 10 11 8 12 13 14 14 15 12 16 17 18 18 19 16 20 21 22 22 23 20 
Cube
Position: -27 -2 -13
Rotation: 0 0 0
Scale: 1 1 1
Door: 0
TextureIndex: 0
VerticesAfterTransformation: 
Index: 39
Invisible: false
CornerPositions: -1 1 1 0 0 0 0 0 1 0 1 1 1 0.1 0 0 0 0 1 0 1 -1 1 0.1 0.1 0 0 0 1 0 -1 -1 1 0 0.1 0 0 0 1 0 1 -1 -1 0 0 0 0 0 -1 0 1 1 -1 0.1 0 0 0 0 -1 0 -1 1 -1 0.1 0.1 0 0 0 -1 0 -1 -1 -1 0 0.1 0 0 0 -1 0 -1 1 -1 0 0 0 0 1 0 0 1 1 -1 0.1 0 0 0 1 0 0 1 1 1 0.1 0.1 0 0 1 0 0 -1 1 1 0 0.1 0 0 1 0 0 -1 -1 1 0 0 0 0 -1 0 0 1 -1 1 0.1 0 0 0 -1 0 0 1 -1 -1 0.1 0.1 0 0 -1 0 0 -1 -1 -1 0 0.1 0 0 -1 0 0 1 -1 -1 0 0 0 1 0 0 0 1 -1 1 0 0.1 0 1 0 0 0 1 1 1 0.1 0.1 0 1 0 0 0 1 1 -1 0.1 0 0 1 0 0 0 -1 -1 -1 0 0 0 -1 0 0 0 -1 1 -1 0 0.1 0 -1 0 0 0 -1 1 1 0.1 0.1 0 -1 0 0 0 -1 -1 1 0.1 0 0 -1 0 0 0 
Indices: 0 1 2 2 3 0 4 5 6 6 7 4 8 9 10 10 11 8 12 13 14 14 15 12 16 17 18 18 19 16 20 21 22 22 23 20 
Cube
Position: -28 -2 -13
Rotation: 0 0 0
Scale: 1 1 1
Door: 0
TextureIndex: 0
VerticesAfterTransformation: 
Index: 40
Invisible: false
CornerPositions: -1 1 1 0 0 0 0 0 1 0 1 1 1 0.1 0 0 0 0 1 0 1 -1 1 0.1 0.1 0 0 0 1 0 -1 -1 1 0 0.1 0 0 0 1 0 1 -1 -1 0 0 0 0 0 -1 0 1 1 -1 0.1 0 0 0 0 -1 0 -1 1 -1 0.1 0.1 0 0 0 -1 0 -1 -1 -1 0 0.1 0 0 0 -1 0 -1 1 -1 0 0 0 0 1 0 0 1 1 -1 0.1 0 0 0 1 0 0 1 1 1 0.1 0.1 0 0 1 0 0 -1 1 1 0 0.1 0 0 1 0 0 -1 -1 1 0 0 0 0 -1 0 0 1 -1 1 0.1 0 0 0 -1 0 0 1 -1 -1 0.1 0.1 0 0 -1 0 0 -1 -1 -1 0 0.1 0 0 -1 0 0 1 -1 -1 0 0 0 1 0 0 0 1 -1 1 0 0.1 0 1 0 0 0 1 1 1 0.1 0.1 0 1 0 0 0 1 1 -1 0.1 0 0 1 0 0 0 -1 -1 -1 0 0 0 -1 0 0 0 -1 1 -1 0 0.1 0 -1 0 0 0 -1 1 1 0.1 0.1 0 -1 0 0 0 -1 -1 1 0.1 0 0 -1 0 0 0 
Indices: 0 1 2 2 3 0 4 5 6 6 7 4 8 9 10 10 11 8 12 13 14 14 15 12 16 17 18 18 19 16 20 21 22 22 23 20 
Cube
Position: -28 -2 -12
Rotation: 0 0 0
Scale: 1 1 1
Door: 0
TextureIndex: 0
VerticesAfterTransformation: 
Index: 41
Invisible: false
CornerPositions: -1 1 1 0 0 0 0 0 1 0 1 1 1 0.1 0 0 0 0 1 0 1 -1 1 0.1 0.1 0 0 0 1 0 -1 -1 1 0 0.1 0 0 0 1 0 1 -1 -1 0 0 0 0 0 -1 0 1 1 -1 0.1 0 0 0 0 -1 0 -1 1 -1 0.1 0.1 0 0 0 -1 0 -1 -1 -1 0 0.1 0 0 0 -1 0 -1 1 -1 0 0 0 0 1 0 0 1 1 -1 0.1 0 0 0 1 0 0 1 1 1 0.1 0.1 0 0 1 0 0 -1 1 1 0 0.1 0 0 1 0 0 -1 -1 1 0 0 0 0 -1 0 0 1 -1 1 0.1 0 0 0 -1 0 0 1 -1 -1 0.1 0.1 0 0 -1 0 0 -1 -1 -1 0 0.1 0 0 -1 0 0 1 -1 -1 0 0 0 1 0 0 0 1 -1 1 0 0.1 0 1 0 0 0 1 1 1 0.1 0.1 0 1 0 0 0 1 1 -1 0.1 0 0 1 0 0 0 -1 -1 -1 0 0 0 -1 0 0 0 -1 1 -1 0 0.1 0 -1 0 0 0 -1 1 1 0.1 0.1 0 -1 0 0 0 -1 -1 1 0.1 0 0 -1 0 0 0 
Indices: 0 1 2 2 3 0 4 5 6 6 7 4 8 9 10 10 11 8 12 13 14 14 15 12 16 17 18 18 19 16 20 21 22 22 23 20 
Cube
Position: -28 -1 -11
Rotation: 0 0 0
Scale: 1 1 1
Door: 0
TextureIndex: 0
VerticesAfterTransformation: 
Index: 42
Invisible: false
CornerPositions: -1 1 1 0 0 0 0 0 1 0 1 1 1 0.1 0 0 0 0 1 0 1 -1 1 0.1 0.1 0 0 0 1 0 -1 -1 1 0 0.1 0 0 0 1 0 1 -1 -1 0 0 0 0 0 -1 0 1 1 -1 0.1 0 0 0 0 -1 0 -1 1 -1 0.1 0.1 0 0 0 -1 0 -1 -1 -1 0 0.1 0 0 0 -1 0 -1 1 -1 0 0 0 0 1 0 0 1 1 -1 0.1 0 0 0 1 0 0 1 1 1 0.1 0.1 0 0 1 0 0 -1 1 1 0 0.1 0 0 1 0 0 -1 -1 1 0 0 0 0 -1 0 0 1 -1 1 0.1 0 0 0 -1 0 0 1 -1 -1 0.1 0.1 0 0 -1 0 0 -1 -1 -1 0 0.1 0 0 -1 0 0 1 -1 -1 0 0 0 1 0 0 0 1 -1 1 0 0.1 0 1 0 0 0 1 1 1 0.1 0.1 0 1 0 0 0 1 1 -1 0.1 0 0 1 0 0 0 -1 -1 -1 0 0 0 -1 0 0 0 -1 1 -1 0 0.1 0 -1 0 0 0 -1 1 1 0.1 0.1 0 -1 0 0 0 -1 -1 1 0.1 0 0 -1 0 0 0 
Indices: 0 1 2 2 3 0 4 5 6 6 7 4 8 9 10 10 11 8 12 13 14 14 15 12 16 17 18 18 19 16 20 21 22 22 23 20 
Cube
Position: -29 -1 -11
Rotation: 0 0 0
Scale: 1 1 1
Door: 0
TextureIndex: 0
VerticesAfterTransformation: 
Index: 43
Invisible: false
CornerPositions: -1 1 1 0 0 0 0 0 1 0 1 1 1 0.1 0 0 0 0 1 0 1 -1 1 0.1 0.1 0 0 0 1 0 -1 -1 1 0 0.1 0 0 0 1 0 1 -1 -1 0 0 0 0 0 -1 0 1 1 -1 0.1 0 0 0 0 -1 0 -1 1 -1 0.1 0.1 0 0 0 -1 0 -1 -1 -1 0 0.1 0 0 0 -1 0 -1 1 -1 0 0 0 0 1 0 0 1 1 -1 0.1 0 0 0 1 0 0 1 1 1 0.1 0.1 0 0 1 0 0 -1 1 1 0 0.1 0 0 1 0 0 -1 -1 1 0 0 0 0 -1 0 0 1 -1 1 0.1 0 0 0 -1 0 0 1 -1 -1 0.1 0.1 0 0 -1 0 0 -1 -1 -1 0 0.1 0 0 -1 0 0 1 -1 -1 0 0 0 1 0 0 0 1 -1 1 0 0.1 0 1 0 0 0 1 1 1 0.1 0.1 0 1 0 0 0 1 1 -1 0.1 0 0 1 0 0 0 -1 -1 -1 0 0 0 -1 0 0 0 -1 1 -1 0 0.1 0 -1 0 0 0 -1 1 1 0.1 0.1 0 -1 0 0 0 -1 -1 1 0.1 0 0 -1 0 0 0 
Indices: 0 1 2 2 3 0 4 5 6 6 7 4 8 9 10 10 11 8 12 13 14 14 15 12 16 17 18 18 19 16 20 21 22 22 23 20 
Cube
Position: -29 -1 -10
Rotation: 0 0 0
Scale: 1 1 1
Door: 0
TextureIndex: 0
VerticesAfterTransformation: 
Index: 44
Invisible: false
CornerPositions: -1 1 1 0 0 0 0 0 1 0 1 1 1 0.1 0 0 0 0 1 0 1 -1 1 0.1 0.1 0 0 0 1 0 -1 -1 1 0 0.1 0 0 0 1 0 1 -1 -1 0 0 0 0 0 -1 0 1 1 -1 0.1 0 0 0 0 -1 0 -1 1 -1 0.1 0.1 0 0 0 -1 0 -1 -1 -1 0 0.1 0 0 0 -1 0 -1 1 -1 0 0 0 0 1 0 0 1 1 -1 0.1 0 0 0 1 0 0 1 1 1 0.1 0.1 0 0 1 0 0 -1 1 1 0 0.1 0 0 1 0 0 -1 -1 1 0 0 0 0 -1 0 0 1 -1 1 0.1 0 0 0 -1 0 0 1 -1 -1 0.1 0.1 0 0 -1 0 0 -1 -1 -1 0 0.1 0 0 -1 0 0 1 -1 -1 0 0 0 1 0 0 0 1 -1 1 0 0.1 0 1 0 0 0 1 1 1 0.1 0.1 0 1 0 0 0 1 1 -1 0.1 0 0 1 0 0 0 -1 -1 -1 0 0 0 -1 0 0 0 -1 1 -1 0 0.1 0 -1 0 0 0 -1 1 1 0.1 0.1 0 -1 0 0 0 -1 -1 1 0.1 0 0 -1 0 0 0 
Indices: 0 1 2 2 3 0 4 5 6 6 7 4 8 9 10 10 11 8 12 13 14 14 15 12 16 17 18 18 19 16 20 21 22 22 23 20 
Cube
Position: -29 0 -10
Rotation: 0 0 0
Scale: 1 1 1
Door: 0
TextureIndex: 0
VerticesAfterTransformation: 
Index: 45
Invisible: false
CornerPositions: -1 1 1 0 0 0 0 0 1 0 1 1 1 0.1 0 0 0 0 1 0 1 -1 1 0.1 0.1 0 0 0 1 0 -1 -1 1 0 0.1 0 0 0 1 0 1 -1 -1 0 0 0 0 0 -1 0 1 1 -1 0.1 0 0 0 0 -1 0 -1 1 -1 0.1 0.1 0 0 0 -1 0 -1 -1 -1 0 0.1 0 0 0 -1 0 -1 1 -1 0 0 0 0 1 0 0 1 1 -1 0.1 0 0 0 1 0 0 1 1 1 0.1 0.1 0 0 1 0 0 -1 1 1 0 0.1 0 0 1 0 0 -1 -1 1 0 0 0 0 -1 0 0 1 -1 1 0.1 0 0 0 -1 0 0 1 -1 -1 0.1 0.1 0 0 -1 0 0 -1 -1 -1 0 0.1 0 0 -1 0 0 1 -1 -1 0 0 0 1 0 0 0 1 -1 1 0 0.1 0 1 0 0 0 1 1 1 0.1 0.1 0 1 0 0 0 1 1 -1 0.1 0 0 1 0 0 0 -1 -1 -1 0 0 0 -1 0 0 0 -1 1 -1 0 0.1 0 -1 0 0 0 -1 1 1 0.1 0.1 0 -1 0 0 0 -1 -1 1 0.1 0 0 -1 0 0 0 
Indices: 0 1 2 2 3 0 4 5 6 6 7 4 8 9 10 10 11 8 12 13 14 14 15 12 16 17 18 18 19 16 20 21 22 22 23 20 
Cube
Position: -29 0 -9
Rotation: 0 0 0
Scale: 1 1 1
Door: 0
TextureIndex: 0
VerticesAfterTransformation: 
Index: 46
Invisible: false
CornerPositions: -1 1 1 0 0 0 0 0 1 0 1 1 1 0.1 0 0 0 0 1 0 1 -1 1 0.1 0.1 0 0 0 1 0 -1 -1 1 0 0.1 0 0 0 1 0 1 -1 -1 0 0 0 0 0 -1 0 1 1 -1 0.1 0 0 0 0 -1 0 -1 1 -1 0.1 0.1 0 0 0 -1 0 -1 -1 -1 0 0.1 0 0 0 -1 0 -1 1 -1 0 0 0 0 1 0 0 1 1 -1 0.1 0 0 0 1 0 0 1 1 1 0.1 0.1 0 0 1 0 0 -1 1 1 0 0.1 0 0 1 0 0 -1 -1 1 0 0 0 0 -1 0 0 1 -1 1 0.1 0 0 0 -1 0 0 1 -1 -1 0.1 0.1 0 0 -1 0 0 -1 -1 -1 0 0.1 0 0 -1 0 0 1 -1 -1 0 0 0 1 0 0 0 1 -1 1 0 0.1 0 1 0 0 0 1 1 1 0.1 0.1 0 1 0 0 0 1 1 -1 0.1 0 0 1 0 0 0 -1 -1 -1 0 0 0 -1 0 0 0 -1 1 -1 0 0.1 0 -1 0 0 0 -1 1 1 0.1 0.1 0 -1 0 0 0 -1 -1 1 0.1 0 0 -1 0 0 0 
Indices: 0 1 2 2 3 0 4 5 6 6 7 4 8 9 10 10 11 8 12 13 14 14 15 12 16 17 18 18 19 16 20 21 22 22 23 20 
