Cube
Position: -17 3 -15
Rotation: 0 0 0
Scale: 1 1 1
TextureIndex: 99
VerticesAfterTransformation: 
Index: 0
Invisible: false
CornerPositions: -1 1 1 0 0 0 0 0 1 0 1 1 1 0.1 0 0 0 0 1 0 1 -1 1 0.1 0.1 0 0 0 1 0 -1 -1 1 0 0.1 0 0 0 1 0 1 -1 -1 0 0 0 0 0 -1 0 1 1 -1 0.1 0 0 0 0 -1 0 -1 1 -1 0.1 0.1 0 0 0 -1 0 -1 -1 -1 0 0.1 0 0 0 -1 0 -1 1 -1 0 0 0 0 1 0 0 1 1 -1 0.1 0 0 0 1 0 0 1 1 1 0.1 0.1 0 0 1 0 0 -1 1 1 0 0.1 0 0 1 0 0 -1 -1 1 0 0 0 0 -1 0 0 1 -1 1 0.1 0 0 0 -1 0 0 1 -1 -1 0.1 0.1 0 0 -1 0 0 -1 -1 -1 0 0.1 0 0 -1 0 0 1 -1 -1 0 0 0 1 0 0 0 1 -1 1 0 0.1 0 1 0 0 0 1 1 1 0.1 0.1 0 1 0 0 0 1 1 -1 0.1 0 0 1 0 0 0 -1 -1 -1 0 0 0 -1 0 0 0 -1 1 -1 0 0.1 0 -1 0 0 0 -1 1 1 0.1 0.1 0 -1 0 0 0 -1 -1 1 0.1 0 0 -1 0 0 0 
Indices: 0 1 2 2 3 0 4 5 6 6 7 4 8 9 10 10 11 8 12 13 14 14 15 12 16 17 18 18 19 16 20 21 22 22 23 20 
Cube
Position: 0 -5 0
Rotation: 0 0 0
Scale: 50 1 50
TextureIndex: 24
VerticesAfterTransformation: 
Index: 1
Invisible: false
CornerPositions: -1 1 1 0 0 0 0 0 1 0 1 1 1 0.1 0 0 0 0 1 0 1 -1 1 0.1 0.1 0 0 0 1 0 -1 -1 1 0 0.1 0 0 0 1 0 1 -1 -1 0 0 0 0 0 -1 0 1 1 -1 0.1 0 0 0 0 -1 0 -1 1 -1 0.1 0.1 0 0 0 -1 0 -1 -1 -1 0 0.1 0 0 0 -1 0 -1 1 -1 0 0 0 0 1 0 0 1 1 -1 0.1 0 0 0 1 0 0 1 1 1 0.1 0.1 0 0 1 0 0 -1 1 1 0 0.1 0 0 1 0 0 -1 -1 1 0 0 0 0 -1 0 0 1 -1 1 0.1 0 0 0 -1 0 0 1 -1 -1 0.1 0.1 0 0 -1 0 0 -1 -1 -1 0 0.1 0 0 -1 0 0 1 -1 -1 0 0 0 1 0 0 0 1 -1 1 0 0.1 0 1 0 0 0 1 1 1 0.1 0.1 0 1 0 0 0 1 1 -1 0.1 0 0 1 0 0 0 -1 -1 -1 0 0 0 -1 0 0 0 -1 1 -1 0 0.1 0 -1 0 0 0 -1 1 1 0.1 0.1 0 -1 0 0 0 -1 -1 1 0.1 0 0 -1 0 0 0 
Indices: 0 1 2 2 3 0 4 5 6 6 7 4 8 9 10 10 11 8 12 13 14 14 15 12 16 17 18 18 19 16 20 21 22 22 23 20 
Cube
Position: 0 9 0
Rotation: 0 0 0
Scale: 1 1 1
TextureIndex: 99
VerticesAfterTransformation: 
Index: 2
Invisible: false
CornerPositions: -1 1 1 0 0 0 0 0 1 0 1 1 1 0.1 0 0 0 0 1 0 1 -1 1 0.1 0.1 0 0 0 1 0 -1 -1 1 0 0.1 0 0 0 1 0 1 -1 -1 0 0 0 0 0 -1 0 1 1 -1 0.1 0 0 0 0 -1 0 -1 1 -1 0.1 0.1 0 0 0 -1 0 -1 -1 -1 0 0.1 0 0 0 -1 0 -1 1 -1 0 0 0 0 1 0 0 1 1 -1 0.1 0 0 0 1 0 0 1 1 1 0.1 0.1 0 0 1 0 0 -1 1 1 0 0.1 0 0 1 0 0 -1 -1 1 0 0 0 0 -1 0 0 1 -1 1 0.1 0 0 0 -1 0 0 1 -1 -1 0.1 0.1 0 0 -1 0 0 -1 -1 -1 0 0.1 0 0 -1 0 0 1 -1 -1 0 0 0 1 0 0 0 1 -1 1 0 0.1 0 1 0 0 0 1 1 1 0.1 0.1 0 1 0 0 0 1 1 -1 0.1 0 0 1 0 0 0 -1 -1 -1 0 0 0 -1 0 0 0 -1 1 -1 0 0.1 0 -1 0 0 0 -1 1 1 0.1 0.1 0 -1 0 0 0 -1 -1 1 0.1 0 0 -1 0 0 0 
Indices: 0 1 2 2 3 0 4 5 6 6 7 4 8 9 10 10 11 8 12 13 14 14 15 12 16 17 18 18 19 16 20 21 22 22 23 20 
Cube
Position: 0 9 0
Rotation: 0 0 0
Scale: 1 1 1
TextureIndex: 99
VerticesAfterTransformation: 
Index: 3
Invisible: false
CornerPositions: -1 1 1 0 0 99 0 0 1 0 1 1 1 0.1 0 99 0 0 1 0 1 -1 1 0.1 0.1 99 0 0 1 0 -1 -1 1 0 0.1 99 0 0 1 0 1 -1 -1 0 0 99 0 0 -1 0 1 1 -1 0.1 0 99 0 0 -1 0 -1 1 -1 0.1 0.1 99 0 0 -1 0 -1 -1 -1 0 0.1 99 0 0 -1 0 -1 1 -1 0 0 99 0 1 0 0 1 1 -1 0.1 0 99 0 1 0 0 1 1 1 0.1 0.1 99 0 1 0 0 -1 1 1 0 0.1 99 0 1 0 0 -1 -1 1 0 0 99 0 -1 0 0 1 -1 1 0.1 0 99 0 -1 0 0 1 -1 -1 0.1 0.1 99 0 -1 0 0 -1 -1 -1 0 0.1 99 0 -1 0 0 1 -1 -1 0 0 99 1 0 0 0 1 -1 1 0 0.1 99 1 0 0 0 1 1 1 0.1 0.1 99 1 0 0 0 1 1 -1 0.1 0 99 1 0 0 0 -1 -1 -1 0 0 99 -1 0 0 0 -1 1 -1 0 0.1 99 -1 0 0 0 -1 1 1 0.1 0.1 99 -1 0 0 0 -1 -1 1 0.1 0 99 -1 0 0 0 
Indices: 0 1 2 2 3 0 4 5 6 6 7 4 8 9 10 10 11 8 12 13 14 14 15 12 16 17 18 18 19 16 20 21 22 22 23 20 
Cube
Position: 0 -4 -49
Rotation: 0 0 0
Scale: 50 50 1
TextureIndex: 21
VerticesAfterTransformation: 
Index: 4
Invisible: false
CornerPositions: -1 1 1 0 0 98 0 0 1 0 1 1 1 0.1 0 98 0 0 1 0 1 -1 1 0.1 0.1 98 0 0 1 0 -1 -1 1 0 0.1 98 0 0 1 0 1 -1 -1 0 0 98 0 0 -1 0 1 1 -1 0.1 0 98 0 0 -1 0 -1 1 -1 0.1 0.1 98 0 0 -1 0 -1 -1 -1 0 0.1 98 0 0 -1 0 -1 1 -1 0 0 98 0 1 0 0 1 1 -1 0.1 0 98 0 1 0 0 1 1 1 0.1 0.1 98 0 1 0 0 -1 1 1 0 0.1 98 0 1 0 0 -1 -1 1 0 0 98 0 -1 0 0 1 -1 1 0.1 0 98 0 -1 0 0 1 -1 -1 0.1 0.1 98 0 -1 0 0 -1 -1 -1 0 0.1 98 0 -1 0 0 1 -1 -1 0 0 98 1 0 0 0 1 -1 1 0 0.1 98 1 0 0 0 1 1 1 0.1 0.1 98 1 0 0 0 1 1 -1 0.1 0 98 1 0 0 0 -1 -1 -1 0 0 98 -1 0 0 0 -1 1 -1 0 0.1 98 -1 0 0 0 -1 1 1 0.1 0.1 98 -1 0 0 0 -1 -1 1 0.1 0 98 -1 0 0 0 
Indices: 0 1 2 2 3 0 4 5 6 6 7 4 8 9 10 10 11 8 12 13 14 14 15 12 16 17 18 18 19 16 20 21 22 22 23 20 
Cube
Position: 0 -4 49
Rotation: 0 0 0
Scale: 50 50 1
TextureIndex: 22
VerticesAfterTransformation: 
Index: 5
Invisible: false
CornerPositions: -1 1 1 0 0 21 0 0 1 0 1 1 1 0.1 0 21 0 0 1 0 1 -1 1 0.1 0.1 21 0 0 1 0 -1 -1 1 0 0.1 21 0 0 1 0 1 -1 -1 0 0 21 0 0 -1 0 1 1 -1 0.1 0 21 0 0 -1 0 -1 1 -1 0.1 0.1 21 0 0 -1 0 -1 -1 -1 0 0.1 21 0 0 -1 0 -1 1 -1 0 0 21 0 1 0 0 1 1 -1 0.1 0 21 0 1 0 0 1 1 1 0.1 0.1 21 0 1 0 0 -1 1 1 0 0.1 21 0 1 0 0 -1 -1 1 0 0 21 0 -1 0 0 1 -1 1 0.1 0 21 0 -1 0 0 1 -1 -1 0.1 0.1 21 0 -1 0 0 -1 -1 -1 0 0.1 21 0 -1 0 0 1 -1 -1 0 0 21 1 0 0 0 1 -1 1 0 0.1 21 1 0 0 0 1 1 1 0.1 0.1 21 1 0 0 0 1 1 -1 0.1 0 21 1 0 0 0 -1 -1 -1 0 0 21 -1 0 0 0 -1 1 -1 0 0.1 21 -1 0 0 0 -1 1 1 0.1 0.1 21 -1 0 0 0 -1 -1 1 0.1 0 21 -1 0 0 0 
Indices: 0 1 2 2 3 0 4 5 6 6 7 4 8 9 10 10 11 8 12 13 14 14 15 12 16 17 18 18 19 16 20 21 22 22 23 20 
Cube
Position: 49 -4 0
Rotation: 0 0 0
Scale: 1 50 50
TextureIndex: 21
VerticesAfterTransformation: 
Index: 6
Invisible: false
CornerPositions: -1 1 1 0 0 22 0 0 1 0 1 1 1 0.1 0 22 0 0 1 0 1 -1 1 0.1 0.1 22 0 0 1 0 -1 -1 1 0 0.1 22 0 0 1 0 1 -1 -1 0 0 22 0 0 -1 0 1 1 -1 0.1 0 22 0 0 -1 0 -1 1 -1 0.1 0.1 22 0 0 -1 0 -1 -1 -1 0 0.1 22 0 0 -1 0 -1 1 -1 0 0 22 0 1 0 0 1 1 -1 0.1 0 22 0 1 0 0 1 1 1 0.1 0.1 22 0 1 0 0 -1 1 1 0 0.1 22 0 1 0 0 -1 -1 1 0 0 22 0 -1 0 0 1 -1 1 0.1 0 22 0 -1 0 0 1 -1 -1 0.1 0.1 22 0 -1 0 0 -1 -1 -1 0 0.1 22 0 -1 0 0 1 -1 -1 0 0 22 1 0 0 0 1 -1 1 0 0.1 22 1 0 0 0 1 1 1 0.1 0.1 22 1 0 0 0 1 1 -1 0.1 0 22 1 0 0 0 -1 -1 -1 0 0 22 -1 0 0 0 -1 1 -1 0 0.1 22 -1 0 0 0 -1 1 1 0.1 0.1 22 -1 0 0 0 -1 -1 1 0.1 0 22 -1 0 0 0 
Indices: 0 1 2 2 3 0 4 5 6 6 7 4 8 9 10 10 11 8 12 13 14 14 15 12 16 17 18 18 19 16 20 21 22 22 23 20 
Cube
Position: -49 -4 0
Rotation: 0 0 0
Scale: 1 50 50
TextureIndex: 22
VerticesAfterTransformation: 
Index: 7
Invisible: false
CornerPositions: -1 1 1 0 0 21 0 0 1 0 1 1 1 0.1 0 21 0 0 1 0 1 -1 1 0.1 0.1 21 0 0 1 0 -1 -1 1 0 0.1 21 0 0 1 0 1 -1 -1 0 0 21 0 0 -1 0 1 1 -1 0.1 0 21 0 0 -1 0 -1 1 -1 0.1 0.1 21 0 0 -1 0 -1 -1 -1 0 0.1 21 0 0 -1 0 -1 1 -1 0 0 21 0 1 0 0 1 1 -1 0.1 0 21 0 1 0 0 1 1 1 0.1 0.1 21 0 1 0 0 -1 1 1 0 0.1 21 0 1 0 0 -1 -1 1 0 0 21 0 -1 0 0 1 -1 1 0.1 0 21 0 -1 0 0 1 -1 -1 0.1 0.1 21 0 -1 0 0 -1 -1 -1 0 0.1 21 0 -1 0 0 1 -1 -1 0 0 21 1 0 0 0 1 -1 1 0 0.1 21 1 0 0 0 1 1 1 0.1 0.1 21 1 0 0 0 1 1 -1 0.1 0 21 1 0 0 0 -1 -1 -1 0 0 21 -1 0 0 0 -1 1 -1 0 0.1 21 -1 0 0 0 -1 1 1 0.1 0.1 21 -1 0 0 0 -1 -1 1 0.1 0 21 -1 0 0 0 
Indices: 0 1 2 2 3 0 4 5 6 6 7 4 8 9 10 10 11 8 12 13 14 14 15 12 16 17 18 18 19 16 20 21 22 22 23 20 
