Cube
Position: 26 15 -22
Rotation: 0.5 0 0
Scale: 1 1 1
TextureIndex: 99
VerticesAfterTransformation: 
Index: 0
Invisible: false
CornerPositions: -1 0.991235 1.00869 0 0 0 0 0 1 0 1 0.991235 1.00869 0.1 0 0 0 0 1 0 1 -1.00869 0.991235 0.1 0.1 0 0 0 1 0 -1 -1.00869 0.991235 0 0.1 0 0 0 1 0 1 -0.991235 -1.00869 0 0 0 0 0 -1 0 1 1.00869 -0.991235 0.1 0 0 0 0 -1 0 -1 1.00869 -0.991235 0.1 0.1 0 0 0 -1 0 -1 -0.991235 -1.00869 0 0.1 0 0 0 -1 0 -1 1.00869 -0.991235 0 0 0 0 1 0 0 1 1.00869 -0.991235 0.1 0 0 0 1 0 0 1 0.991235 1.00869 0.1 0.1 0 0 1 0 0 -1 0.991235 1.00869 0 0.1 0 0 1 0 0 -1 -1.00869 0.991235 0 0 0 0 -1 0 0 1 -1.00869 0.991235 0.1 0 0 0 -1 0 0 1 -0.991235 -1.00869 0.1 0.1 0 0 -1 0 0 -1 -0.991235 -1.00869 0 0.1 0 0 -1 0 0 1 -0.991235 -1.00869 0 0 0 1 0 0 0 1 -1.00869 0.991235 0 0.1 0 1 0 0 0 1 0.991235 1.00869 0.1 0.1 0 1 0 0 0 1 1.00869 -0.991235 0.1 0 0 1 0 0 0 -1 -0.991235 -1.00869 0 0 0 -1 0 0 0 -1 1.00869 -0.991235 0 0.1 0 -1 0 0 0 -1 0.991235 1.00869 0.1 0.1 0 -1 0 0 0 -1 -1.00869 0.991235 0.1 0 0 -1 0 0 0 
Indices: 0 1 2 2 3 0 4 5 6 6 7 4 8 9 10 10 11 8 12 13 14 14 15 12 16 17 18 18 19 16 20 21 22 22 23 20 
Cube
Position: 0 9 0
Rotation: 0 0 0
Scale: 1 1 1
TextureIndex: 99
VerticesAfterTransformation: 
Index: 1
Invisible: false
CornerPositions: -1 1 1 0 0 0 0 0 1 0 1 1 1 0.1 0 0 0 0 1 0 1 -1 1 0.1 0.1 0 0 0 1 0 -1 -1 1 0 0.1 0 0 0 1 0 1 -1 -1 0 0 0 0 0 -1 0 1 1 -1 0.1 0 0 0 0 -1 0 -1 1 -1 0.1 0.1 0 0 0 -1 0 -1 -1 -1 0 0.1 0 0 0 -1 0 -1 1 -1 0 0 0 0 1 0 0 1 1 -1 0.1 0 0 0 1 0 0 1 1 1 0.1 0.1 0 0 1 0 0 -1 1 1 0 0.1 0 0 1 0 0 -1 -1 1 0 0 0 0 -1 0 0 1 -1 1 0.1 0 0 0 -1 0 0 1 -1 -1 0.1 0.1 0 0 -1 0 0 -1 -1 -1 0 0.1 0 0 -1 0 0 1 -1 -1 0 0 0 1 0 0 0 1 -1 1 0 0.1 0 1 0 0 0 1 1 1 0.1 0.1 0 1 0 0 0 1 1 -1 0.1 0 0 1 0 0 0 -1 -1 -1 0 0 0 -1 0 0 0 -1 1 -1 0 0.1 0 -1 0 0 0 -1 1 1 0.1 0.1 0 -1 0 0 0 -1 -1 1 0.1 0 0 -1 0 0 0 
Indices: 0 1 2 2 3 0 4 5 6 6 7 4 8 9 10 10 11 8 12 13 14 14 15 12 16 17 18 18 19 16 20 21 22 22 23 20 
Cube
Position: 0 9 0
Rotation: 0 0 0
Scale: 1 1 1
TextureIndex: 99
VerticesAfterTransformation: 
Index: 2
Invisible: false
CornerPositions: -1 1 1 0 0 99 0 0 1 0 1 1 1 0.1 0 99 0 0 1 0 1 -1 1 0.1 0.1 99 0 0 1 0 -1 -1 1 0 0.1 99 0 0 1 0 1 -1 -1 0 0 99 0 0 -1 0 1 1 -1 0.1 0 99 0 0 -1 0 -1 1 -1 0.1 0.1 99 0 0 -1 0 -1 -1 -1 0 0.1 99 0 0 -1 0 -1 1 -1 0 0 99 0 1 0 0 1 1 -1 0.1 0 99 0 1 0 0 1 1 1 0.1 0.1 99 0 1 0 0 -1 1 1 0 0.1 99 0 1 0 0 -1 -1 1 0 0 99 0 -1 0 0 1 -1 1 0.1 0 99 0 -1 0 0 1 -1 -1 0.1 0.1 99 0 -1 0 0 -1 -1 -1 0 0.1 99 0 -1 0 0 1 -1 -1 0 0 99 1 0 0 0 1 -1 1 0 0.1 99 1 0 0 0 1 1 1 0.1 0.1 99 1 0 0 0 1 1 -1 0.1 0 99 1 0 0 0 -1 -1 -1 0 0 99 -1 0 0 0 -1 1 -1 0 0.1 99 -1 0 0 0 -1 1 1 0.1 0.1 99 -1 0 0 0 -1 -1 1 0.1 0 99 -1 0 0 0 
Indices: 0 1 2 2 3 0 4 5 6 6 7 4 8 9 10 10 11 8 12 13 14 14 15 12 16 17 18 18 19 16 20 21 22 22 23 20 
Cube
Position: 0 -9 0
Rotation: 0 0 0
Scale: 5 1 5
TextureIndex: 21
VerticesAfterTransformation: 
Index: 3
Invisible: false
CornerPositions: -1 1 1 0 0 0 0 0 1 0 1 1 1 0.1 0 0 0 0 1 0 1 -1 1 0.1 0.1 0 0 0 1 0 -1 -1 1 0 0.1 0 0 0 1 0 1 -1 -1 0 0 0 0 0 -1 0 1 1 -1 0.1 0 0 0 0 -1 0 -1 1 -1 0.1 0.1 0 0 0 -1 0 -1 -1 -1 0 0.1 0 0 0 -1 0 -1 1 -1 0 0 0 0 1 0 0 1 1 -1 0.1 0 0 0 1 0 0 1 1 1 0.1 0.1 0 0 1 0 0 -1 1 1 0 0.1 0 0 1 0 0 -1 -1 1 0 0 0 0 -1 0 0 1 -1 1 0.1 0 0 0 -1 0 0 1 -1 -1 0.1 0.1 0 0 -1 0 0 -1 -1 -1 0 0.1 0 0 -1 0 0 1 -1 -1 0 0 0 1 0 0 0 1 -1 1 0 0.1 0 1 0 0 0 1 1 1 0.1 0.1 0 1 0 0 0 1 1 -1 0.1 0 0 1 0 0 0 -1 -1 -1 0 0 0 -1 0 0 0 -1 1 -1 0 0.1 0 -1 0 0 0 -1 1 1 0.1 0.1 0 -1 0 0 0 -1 -1 1 0.1 0 0 -1 0 0 0 
Indices: 0 1 2 2 3 0 4 5 6 6 7 4 8 9 10 10 11 8 12 13 14 14 15 12 16 17 18 18 19 16 20 21 22 22 23 20 
Cube
Position: -10 -9 0
Rotation: 0 0 0
Scale: 5 1 5
TextureIndex: 21
VerticesAfterTransformation: 
Index: 4
Invisible: false
CornerPositions: -1 1 1 0 0 21 0 0 1 0 1 1 1 0.1 0 21 0 0 1 0 1 -1 1 0.1 0.1 21 0 0 1 0 -1 -1 1 0 0.1 21 0 0 1 0 1 -1 -1 0 0 21 0 0 -1 0 1 1 -1 0.1 0 21 0 0 -1 0 -1 1 -1 0.1 0.1 21 0 0 -1 0 -1 -1 -1 0 0.1 21 0 0 -1 0 -1 1 -1 0 0 21 0 1 0 0 1 1 -1 0.1 0 21 0 1 0 0 1 1 1 0.1 0.1 21 0 1 0 0 -1 1 1 0 0.1 21 0 1 0 0 -1 -1 1 0 0 21 0 -1 0 0 1 -1 1 0.1 0 21 0 -1 0 0 1 -1 -1 0.1 0.1 21 0 -1 0 0 -1 -1 -1 0 0.1 21 0 -1 0 0 1 -1 -1 0 0 21 1 0 0 0 1 -1 1 0 0.1 21 1 0 0 0 1 1 1 0.1 0.1 21 1 0 0 0 1 1 -1 0.1 0 21 1 0 0 0 -1 -1 -1 0 0 21 -1 0 0 0 -1 1 -1 0 0.1 21 -1 0 0 0 -1 1 1 0.1 0.1 21 -1 0 0 0 -1 -1 1 0.1 0 21 -1 0 0 0 
Indices: 0 1 2 2 3 0 4 5 6 6 7 4 8 9 10 10 11 8 12 13 14 14 15 12 16 17 18 18 19 16 20 21 22 22 23 20 
Cube
Position: 0 -9 -10
Rotation: 0 0 0
Scale: 5 1 5
TextureIndex: 22
VerticesAfterTransformation: 
Index: 5
Invisible: false
CornerPositions: -1 1 1 0 0 0 0 0 1 0 1 1 1 0.1 0 0 0 0 1 0 1 -1 1 0.1 0.1 0 0 0 1 0 -1 -1 1 0 0.1 0 0 0 1 0 1 -1 -1 0 0 0 0 0 -1 0 1 1 -1 0.1 0 0 0 0 -1 0 -1 1 -1 0.1 0.1 0 0 0 -1 0 -1 -1 -1 0 0.1 0 0 0 -1 0 -1 1 -1 0 0 0 0 1 0 0 1 1 -1 0.1 0 0 0 1 0 0 1 1 1 0.1 0.1 0 0 1 0 0 -1 1 1 0 0.1 0 0 1 0 0 -1 -1 1 0 0 0 0 -1 0 0 1 -1 1 0.1 0 0 0 -1 0 0 1 -1 -1 0.1 0.1 0 0 -1 0 0 -1 -1 -1 0 0.1 0 0 -1 0 0 1 -1 -1 0 0 0 1 0 0 0 1 -1 1 0 0.1 0 1 0 0 0 1 1 1 0.1 0.1 0 1 0 0 0 1 1 -1 0.1 0 0 1 0 0 0 -1 -1 -1 0 0 0 -1 0 0 0 -1 1 -1 0 0.1 0 -1 0 0 0 -1 1 1 0.1 0.1 0 -1 0 0 0 -1 -1 1 0.1 0 0 -1 0 0 0 
Indices: 0 1 2 2 3 0 4 5 6 6 7 4 8 9 10 10 11 8 12 13 14 14 15 12 16 17 18 18 19 16 20 21 22 22 23 20 
Cube
Position: 10 -9 0
Rotation: 0 0 0
Scale: 5 1 5
TextureIndex: 21
VerticesAfterTransformation: 
Index: 6
Invisible: false
CornerPositions: -1 1 1 0 0 0 0 0 1 0 1 1 1 0.1 0 0 0 0 1 0 1 -1 1 0.1 0.1 0 0 0 1 0 -1 -1 1 0 0.1 0 0 0 1 0 1 -1 -1 0 0 0 0 0 -1 0 1 1 -1 0.1 0 0 0 0 -1 0 -1 1 -1 0.1 0.1 0 0 0 -1 0 -1 -1 -1 0 0.1 0 0 0 -1 0 -1 1 -1 0 0 0 0 1 0 0 1 1 -1 0.1 0 0 0 1 0 0 1 1 1 0.1 0.1 0 0 1 0 0 -1 1 1 0 0.1 0 0 1 0 0 -1 -1 1 0 0 0 0 -1 0 0 1 -1 1 0.1 0 0 0 -1 0 0 1 -1 -1 0.1 0.1 0 0 -1 0 0 -1 -1 -1 0 0.1 0 0 -1 0 0 1 -1 -1 0 0 0 1 0 0 0 1 -1 1 0 0.1 0 1 0 0 0 1 1 1 0.1 0.1 0 1 0 0 0 1 1 -1 0.1 0 0 1 0 0 0 -1 -1 -1 0 0 0 -1 0 0 0 -1 1 -1 0 0.1 0 -1 0 0 0 -1 1 1 0.1 0.1 0 -1 0 0 0 -1 -1 1 0.1 0 0 -1 0 0 0 
Indices: 0 1 2 2 3 0 4 5 6 6 7 4 8 9 10 10 11 8 12 13 14 14 15 12 16 17 18 18 19 16 20 21 22 22 23 20 
Cube
Position: 0 -9 10
Rotation: 0 0 0
Scale: 5 1 5
TextureIndex: 22
VerticesAfterTransformation: 
Index: 7
Invisible: false
CornerPositions: -1 1 1 0 0 0 0 0 1 0 1 1 1 0.1 0 0 0 0 1 0 1 -1 1 0.1 0.1 0 0 0 1 0 -1 -1 1 0 0.1 0 0 0 1 0 1 -1 -1 0 0 0 0 0 -1 0 1 1 -1 0.1 0 0 0 0 -1 0 -1 1 -1 0.1 0.1 0 0 0 -1 0 -1 -1 -1 0 0.1 0 0 0 -1 0 -1 1 -1 0 0 0 0 1 0 0 1 1 -1 0.1 0 0 0 1 0 0 1 1 1 0.1 0.1 0 0 1 0 0 -1 1 1 0 0.1 0 0 1 0 0 -1 -1 1 0 0 0 0 -1 0 0 1 -1 1 0.1 0 0 0 -1 0 0 1 -1 -1 0.1 0.1 0 0 -1 0 0 -1 -1 -1 0 0.1 0 0 -1 0 0 1 -1 -1 0 0 0 1 0 0 0 1 -1 1 0 0.1 0 1 0 0 0 1 1 1 0.1 0.1 0 1 0 0 0 1 1 -1 0.1 0 0 1 0 0 0 -1 -1 -1 0 0 0 -1 0 0 0 -1 1 -1 0 0.1 0 -1 0 0 0 -1 1 1 0.1 0.1 0 -1 0 0 0 -1 -1 1 0.1 0 0 -1 0 0 0 
Indices: 0 1 2 2 3 0 4 5 6 6 7 4 8 9 10 10 11 8 12 13 14 14 15 12 16 17 18 18 19 16 20 21 22 22 23 20 
Cube
Position: 10 -8 10
Rotation: 0 0 0
Scale: 5 1 5
TextureIndex: 23
VerticesAfterTransformation: 
Index: 8
Invisible: false
CornerPositions: -1 1 1 0 0 21 0 0 1 0 1 1 1 0.1 0 21 0 0 1 0 1 -1 1 0.1 0.1 21 0 0 1 0 -1 -1 1 0 0.1 21 0 0 1 0 1 -1 -1 0 0 21 0 0 -1 0 1 1 -1 0.1 0 21 0 0 -1 0 -1 1 -1 0.1 0.1 21 0 0 -1 0 -1 -1 -1 0 0.1 21 0 0 -1 0 -1 1 -1 0 0 21 0 1 0 0 1 1 -1 0.1 0 21 0 1 0 0 1 1 1 0.1 0.1 21 0 1 0 0 -1 1 1 0 0.1 21 0 1 0 0 -1 -1 1 0 0 21 0 -1 0 0 1 -1 1 0.1 0 21 0 -1 0 0 1 -1 -1 0.1 0.1 21 0 -1 0 0 -1 -1 -1 0 0.1 21 0 -1 0 0 1 -1 -1 0 0 21 1 0 0 0 1 -1 1 0 0.1 21 1 0 0 0 1 1 1 0.1 0.1 21 1 0 0 0 1 1 -1 0.1 0 21 1 0 0 0 -1 -1 -1 0 0 21 -1 0 0 0 -1 1 -1 0 0.1 21 -1 0 0 0 -1 1 1 0.1 0.1 21 -1 0 0 0 -1 -1 1 0.1 0 21 -1 0 0 0 
Indices: 0 1 2 2 3 0 4 5 6 6 7 4 8 9 10 10 11 8 12 13 14 14 15 12 16 17 18 18 19 16 20 21 22 22 23 20 
Cube
Position: 10 -8 -10
Rotation: 0 0 0
Scale: 5 1 5
TextureIndex: 23
VerticesAfterTransformation: 
Index: 9
Invisible: false
CornerPositions: -1 1 1 0 0 0 0 0 1 0 1 1 1 0.1 0 0 0 0 1 0 1 -1 1 0.1 0.1 0 0 0 1 0 -1 -1 1 0 0.1 0 0 0 1 0 1 -1 -1 0 0 0 0 0 -1 0 1 1 -1 0.1 0 0 0 0 -1 0 -1 1 -1 0.1 0.1 0 0 0 -1 0 -1 -1 -1 0 0.1 0 0 0 -1 0 -1 1 -1 0 0 0 0 1 0 0 1 1 -1 0.1 0 0 0 1 0 0 1 1 1 0.1 0.1 0 0 1 0 0 -1 1 1 0 0.1 0 0 1 0 0 -1 -1 1 0 0 0 0 -1 0 0 1 -1 1 0.1 0 0 0 -1 0 0 1 -1 -1 0.1 0.1 0 0 -1 0 0 -1 -1 -1 0 0.1 0 0 -1 0 0 1 -1 -1 0 0 0 1 0 0 0 1 -1 1 0 0.1 0 1 0 0 0 1 1 1 0.1 0.1 0 1 0 0 0 1 1 -1 0.1 0 0 1 0 0 0 -1 -1 -1 0 0 0 -1 0 0 0 -1 1 -1 0 0.1 0 -1 0 0 0 -1 1 1 0.1 0.1 0 -1 0 0 0 -1 -1 1 0.1 0 0 -1 0 0 0 
Indices: 0 1 2 2 3 0 4 5 6 6 7 4 8 9 10 10 11 8 12 13 14 14 15 12 16 17 18 18 19 16 20 21 22 22 23 20 
Cube
Position: -10 -8 -10
Rotation: 0 0 0
Scale: 5 1 5
TextureIndex: 23
VerticesAfterTransformation: 
Index: 10
Invisible: false
CornerPositions: -1 1 1 0 0 0 0 0 1 0 1 1 1 0.1 0 0 0 0 1 0 1 -1 1 0.1 0.1 0 0 0 1 0 -1 -1 1 0 0.1 0 0 0 1 0 1 -1 -1 0 0 0 0 0 -1 0 1 1 -1 0.1 0 0 0 0 -1 0 -1 1 -1 0.1 0.1 0 0 0 -1 0 -1 -1 -1 0 0.1 0 0 0 -1 0 -1 1 -1 0 0 0 0 1 0 0 1 1 -1 0.1 0 0 0 1 0 0 1 1 1 0.1 0.1 0 0 1 0 0 -1 1 1 0 0.1 0 0 1 0 0 -1 -1 1 0 0 0 0 -1 0 0 1 -1 1 0.1 0 0 0 -1 0 0 1 -1 -1 0.1 0.1 0 0 -1 0 0 -1 -1 -1 0 0.1 0 0 -1 0 0 1 -1 -1 0 0 0 1 0 0 0 1 -1 1 0 0.1 0 1 0 0 0 1 1 1 0.1 0.1 0 1 0 0 0 1 1 -1 0.1 0 0 1 0 0 0 -1 -1 -1 0 0 0 -1 0 0 0 -1 1 -1 0 0.1 0 -1 0 0 0 -1 1 1 0.1 0.1 0 -1 0 0 0 -1 -1 1 0.1 0 0 -1 0 0 0 
Indices: 0 1 2 2 3 0 4 5 6 6 7 4 8 9 10 10 11 8 12 13 14 14 15 12 16 17 18 18 19 16 20 21 22 22 23 20 
Cube
Position: -10 -8 10
Rotation: 0 0 0
Scale: 5 1 5
TextureIndex: 23
VerticesAfterTransformation: 
Index: 11
Invisible: false
CornerPositions: -1 1 1 0 0 0 0 0 1 0 1 1 1 0.1 0 0 0 0 1 0 1 -1 1 0.1 0.1 0 0 0 1 0 -1 -1 1 0 0.1 0 0 0 1 0 1 -1 -1 0 0 0 0 0 -1 0 1 1 -1 0.1 0 0 0 0 -1 0 -1 1 -1 0.1 0.1 0 0 0 -1 0 -1 -1 -1 0 0.1 0 0 0 -1 0 -1 1 -1 0 0 0 0 1 0 0 1 1 -1 0.1 0 0 0 1 0 0 1 1 1 0.1 0.1 0 0 1 0 0 -1 1 1 0 0.1 0 0 1 0 0 -1 -1 1 0 0 0 0 -1 0 0 1 -1 1 0.1 0 0 0 -1 0 0 1 -1 -1 0.1 0.1 0 0 -1 0 0 -1 -1 -1 0 0.1 0 0 -1 0 0 1 -1 -1 0 0 0 1 0 0 0 1 -1 1 0 0.1 0 1 0 0 0 1 1 1 0.1 0.1 0 1 0 0 0 1 1 -1 0.1 0 0 1 0 0 0 -1 -1 -1 0 0 0 -1 0 0 0 -1 1 -1 0 0.1 0 -1 0 0 0 -1 1 1 0.1 0.1 0 -1 0 0 0 -1 -1 1 0.1 0 0 -1 0 0 0 
Indices: 0 1 2 2 3 0 4 5 6 6 7 4 8 9 10 10 11 8 12 13 14 14 15 12 16 17 18 18 19 16 20 21 22 22 23 20 
Cube
Position: -20 -8 10
Rotation: 0 0 0
Scale: 5 1 5
TextureIndex: 23
VerticesAfterTransformation: 
Index: 12
Invisible: false
CornerPositions: -1 1 1 0 0 23 0 0 1 0 1 1 1 0.1 0 23 0 0 1 0 1 -1 1 0.1 0.1 23 0 0 1 0 -1 -1 1 0 0.1 23 0 0 1 0 1 -1 -1 0 0 23 0 0 -1 0 1 1 -1 0.1 0 23 0 0 -1 0 -1 1 -1 0.1 0.1 23 0 0 -1 0 -1 -1 -1 0 0.1 23 0 0 -1 0 -1 1 -1 0 0 23 0 1 0 0 1 1 -1 0.1 0 23 0 1 0 0 1 1 1 0.1 0.1 23 0 1 0 0 -1 1 1 0 0.1 23 0 1 0 0 -1 -1 1 0 0 23 0 -1 0 0 1 -1 1 0.1 0 23 0 -1 0 0 1 -1 -1 0.1 0.1 23 0 -1 0 0 -1 -1 -1 0 0.1 23 0 -1 0 0 1 -1 -1 0 0 23 1 0 0 0 1 -1 1 0 0.1 23 1 0 0 0 1 1 1 0.1 0.1 23 1 0 0 0 1 1 -1 0.1 0 23 1 0 0 0 -1 -1 -1 0 0 23 -1 0 0 0 -1 1 -1 0 0.1 23 -1 0 0 0 -1 1 1 0.1 0.1 23 -1 0 0 0 -1 -1 1 0.1 0 23 -1 0 0 0 
Indices: 0 1 2 2 3 0 4 5 6 6 7 4 8 9 10 10 11 8 12 13 14 14 15 12 16 17 18 18 19 16 20 21 22 22 23 20 
Cube
Position: -20 -8 20
Rotation: 0 0 0
Scale: 5 1 5
TextureIndex: 23
VerticesAfterTransformation: 
Index: 13
Invisible: false
CornerPositions: -1 1 1 0 0 0 0 0 1 0 1 1 1 0.1 0 0 0 0 1 0 1 -1 1 0.1 0.1 0 0 0 1 0 -1 -1 1 0 0.1 0 0 0 1 0 1 -1 -1 0 0 0 0 0 -1 0 1 1 -1 0.1 0 0 0 0 -1 0 -1 1 -1 0.1 0.1 0 0 0 -1 0 -1 -1 -1 0 0.1 0 0 0 -1 0 -1 1 -1 0 0 0 0 1 0 0 1 1 -1 0.1 0 0 0 1 0 0 1 1 1 0.1 0.1 0 0 1 0 0 -1 1 1 0 0.1 0 0 1 0 0 -1 -1 1 0 0 0 0 -1 0 0 1 -1 1 0.1 0 0 0 -1 0 0 1 -1 -1 0.1 0.1 0 0 -1 0 0 -1 -1 -1 0 0.1 0 0 -1 0 0 1 -1 -1 0 0 0 1 0 0 0 1 -1 1 0 0.1 0 1 0 0 0 1 1 1 0.1 0.1 0 1 0 0 0 1 1 -1 0.1 0 0 1 0 0 0 -1 -1 -1 0 0 0 -1 0 0 0 -1 1 -1 0 0.1 0 -1 0 0 0 -1 1 1 0.1 0.1 0 -1 0 0 0 -1 -1 1 0.1 0 0 -1 0 0 0 
Indices: 0 1 2 2 3 0 4 5 6 6 7 4 8 9 10 10 11 8 12 13 14 14 15 12 16 17 18 18 19 16 20 21 22 22 23 20 
Cube
Position: -10 -8 20
Rotation: 0 0 0
Scale: 5 1 5
TextureIndex: 23
VerticesAfterTransformation: 
Index: 14
Invisible: false
CornerPositions: -1 1 1 0 0 0 0 0 1 0 1 1 1 0.1 0 0 0 0 1 0 1 -1 1 0.1 0.1 0 0 0 1 0 -1 -1 1 0 0.1 0 0 0 1 0 1 -1 -1 0 0 0 0 0 -1 0 1 1 -1 0.1 0 0 0 0 -1 0 -1 1 -1 0.1 0.1 0 0 0 -1 0 -1 -1 -1 0 0.1 0 0 0 -1 0 -1 1 -1 0 0 0 0 1 0 0 1 1 -1 0.1 0 0 0 1 0 0 1 1 1 0.1 0.1 0 0 1 0 0 -1 1 1 0 0.1 0 0 1 0 0 -1 -1 1 0 0 0 0 -1 0 0 1 -1 1 0.1 0 0 0 -1 0 0 1 -1 -1 0.1 0.1 0 0 -1 0 0 -1 -1 -1 0 0.1 0 0 -1 0 0 1 -1 -1 0 0 0 1 0 0 0 1 -1 1 0 0.1 0 1 0 0 0 1 1 1 0.1 0.1 0 1 0 0 0 1 1 -1 0.1 0 0 1 0 0 0 -1 -1 -1 0 0 0 -1 0 0 0 -1 1 -1 0 0.1 0 -1 0 0 0 -1 1 1 0.1 0.1 0 -1 0 0 0 -1 -1 1 0.1 0 0 -1 0 0 0 
Indices: 0 1 2 2 3 0 4 5 6 6 7 4 8 9 10 10 11 8 12 13 14 14 15 12 16 17 18 18 19 16 20 21 22 22 23 20 
Cube
Position: 10 -8 20
Rotation: 0 0 0
Scale: 5 1 5
TextureIndex: 23
VerticesAfterTransformation: 
Index: 15
Invisible: false
CornerPositions: -1 1 1 0 0 0 0 0 1 0 1 1 1 0.1 0 0 0 0 1 0 1 -1 1 0.1 0.1 0 0 0 1 0 -1 -1 1 0 0.1 0 0 0 1 0 1 -1 -1 0 0 0 0 0 -1 0 1 1 -1 0.1 0 0 0 0 -1 0 -1 1 -1 0.1 0.1 0 0 0 -1 0 -1 -1 -1 0 0.1 0 0 0 -1 0 -1 1 -1 0 0 0 0 1 0 0 1 1 -1 0.1 0 0 0 1 0 0 1 1 1 0.1 0.1 0 0 1 0 0 -1 1 1 0 0.1 0 0 1 0 0 -1 -1 1 0 0 0 0 -1 0 0 1 -1 1 0.1 0 0 0 -1 0 0 1 -1 -1 0.1 0.1 0 0 -1 0 0 -1 -1 -1 0 0.1 0 0 -1 0 0 1 -1 -1 0 0 0 1 0 0 0 1 -1 1 0 0.1 0 1 0 0 0 1 1 1 0.1 0.1 0 1 0 0 0 1 1 -1 0.1 0 0 1 0 0 0 -1 -1 -1 0 0 0 -1 0 0 0 -1 1 -1 0 0.1 0 -1 0 0 0 -1 1 1 0.1 0.1 0 -1 0 0 0 -1 -1 1 0.1 0 0 -1 0 0 0 
Indices: 0 1 2 2 3 0 4 5 6 6 7 4 8 9 10 10 11 8 12 13 14 14 15 12 16 17 18 18 19 16 20 21 22 22 23 20 
Cube
Position: 20 -8 20
Rotation: 0 0 0
Scale: 5 1 5
TextureIndex: 23
VerticesAfterTransformation: 
Index: 16
Invisible: false
CornerPositions: -1 1 1 0 0 0 0 0 1 0 1 1 1 0.1 0 0 0 0 1 0 1 -1 1 0.1 0.1 0 0 0 1 0 -1 -1 1 0 0.1 0 0 0 1 0 1 -1 -1 0 0 0 0 0 -1 0 1 1 -1 0.1 0 0 0 0 -1 0 -1 1 -1 0.1 0.1 0 0 0 -1 0 -1 -1 -1 0 0.1 0 0 0 -1 0 -1 1 -1 0 0 0 0 1 0 0 1 1 -1 0.1 0 0 0 1 0 0 1 1 1 0.1 0.1 0 0 1 0 0 -1 1 1 0 0.1 0 0 1 0 0 -1 -1 1 0 0 0 0 -1 0 0 1 -1 1 0.1 0 0 0 -1 0 0 1 -1 -1 0.1 0.1 0 0 -1 0 0 -1 -1 -1 0 0.1 0 0 -1 0 0 1 -1 -1 0 0 0 1 0 0 0 1 -1 1 0 0.1 0 1 0 0 0 1 1 1 0.1 0.1 0 1 0 0 0 1 1 -1 0.1 0 0 1 0 0 0 -1 -1 -1 0 0 0 -1 0 0 0 -1 1 -1 0 0.1 0 -1 0 0 0 -1 1 1 0.1 0.1 0 -1 0 0 0 -1 -1 1 0.1 0 0 -1 0 0 0 
Indices: 0 1 2 2 3 0 4 5 6 6 7 4 8 9 10 10 11 8 12 13 14 14 15 12 16 17 18 18 19 16 20 21 22 22 23 20 
Cube
Position: 20 -8 10
Rotation: 0 0 0
Scale: 5 1 5
TextureIndex: 23
VerticesAfterTransformation: 
Index: 17
Invisible: false
CornerPositions: -1 1 1 0 0 0 0 0 1 0 1 1 1 0.1 0 0 0 0 1 0 1 -1 1 0.1 0.1 0 0 0 1 0 -1 -1 1 0 0.1 0 0 0 1 0 1 -1 -1 0 0 0 0 0 -1 0 1 1 -1 0.1 0 0 0 0 -1 0 -1 1 -1 0.1 0.1 0 0 0 -1 0 -1 -1 -1 0 0.1 0 0 0 -1 0 -1 1 -1 0 0 0 0 1 0 0 1 1 -1 0.1 0 0 0 1 0 0 1 1 1 0.1 0.1 0 0 1 0 0 -1 1 1 0 0.1 0 0 1 0 0 -1 -1 1 0 0 0 0 -1 0 0 1 -1 1 0.1 0 0 0 -1 0 0 1 -1 -1 0.1 0.1 0 0 -1 0 0 -1 -1 -1 0 0.1 0 0 -1 0 0 1 -1 -1 0 0 0 1 0 0 0 1 -1 1 0 0.1 0 1 0 0 0 1 1 1 0.1 0.1 0 1 0 0 0 1 1 -1 0.1 0 0 1 0 0 0 -1 -1 -1 0 0 0 -1 0 0 0 -1 1 -1 0 0.1 0 -1 0 0 0 -1 1 1 0.1 0.1 0 -1 0 0 0 -1 -1 1 0.1 0 0 -1 0 0 0 
Indices: 0 1 2 2 3 0 4 5 6 6 7 4 8 9 10 10 11 8 12 13 14 14 15 12 16 17 18 18 19 16 20 21 22 22 23 20 
Cube
Position: 20 -8 -10
Rotation: 0 0 0
Scale: 5 1 5
TextureIndex: 23
VerticesAfterTransformation: 
Index: 18
Invisible: false
CornerPositions: -1 1 1 0 0 0 0 0 1 0 1 1 1 0.1 0 0 0 0 1 0 1 -1 1 0.1 0.1 0 0 0 1 0 -1 -1 1 0 0.1 0 0 0 1 0 1 -1 -1 0 0 0 0 0 -1 0 1 1 -1 0.1 0 0 0 0 -1 0 -1 1 -1 0.1 0.1 0 0 0 -1 0 -1 -1 -1 0 0.1 0 0 0 -1 0 -1 1 -1 0 0 0 0 1 0 0 1 1 -1 0.1 0 0 0 1 0 0 1 1 1 0.1 0.1 0 0 1 0 0 -1 1 1 0 0.1 0 0 1 0 0 -1 -1 1 0 0 0 0 -1 0 0 1 -1 1 0.1 0 0 0 -1 0 0 1 -1 -1 0.1 0.1 0 0 -1 0 0 -1 -1 -1 0 0.1 0 0 -1 0 0 1 -1 -1 0 0 0 1 0 0 0 1 -1 1 0 0.1 0 1 0 0 0 1 1 1 0.1 0.1 0 1 0 0 0 1 1 -1 0.1 0 0 1 0 0 0 -1 -1 -1 0 0 0 -1 0 0 0 -1 1 -1 0 0.1 0 -1 0 0 0 -1 1 1 0.1 0.1 0 -1 0 0 0 -1 -1 1 0.1 0 0 -1 0 0 0 
Indices: 0 1 2 2 3 0 4 5 6 6 7 4 8 9 10 10 11 8 12 13 14 14 15 12 16 17 18 18 19 16 20 21 22 22 23 20 
Cube
Position: 20 -8 -20
Rotation: 0 0 0
Scale: 5 1 5
TextureIndex: 23
VerticesAfterTransformation: 
Index: 19
Invisible: false
CornerPositions: -1 1 1 0 0 0 0 0 1 0 1 1 1 0.1 0 0 0 0 1 0 1 -1 1 0.1 0.1 0 0 0 1 0 -1 -1 1 0 0.1 0 0 0 1 0 1 -1 -1 0 0 0 0 0 -1 0 1 1 -1 0.1 0 0 0 0 -1 0 -1 1 -1 0.1 0.1 0 0 0 -1 0 -1 -1 -1 0 0.1 0 0 0 -1 0 -1 1 -1 0 0 0 0 1 0 0 1 1 -1 0.1 0 0 0 1 0 0 1 1 1 0.1 0.1 0 0 1 0 0 -1 1 1 0 0.1 0 0 1 0 0 -1 -1 1 0 0 0 0 -1 0 0 1 -1 1 0.1 0 0 0 -1 0 0 1 -1 -1 0.1 0.1 0 0 -1 0 0 -1 -1 -1 0 0.1 0 0 -1 0 0 1 -1 -1 0 0 0 1 0 0 0 1 -1 1 0 0.1 0 1 0 0 0 1 1 1 0.1 0.1 0 1 0 0 0 1 1 -1 0.1 0 0 1 0 0 0 -1 -1 -1 0 0 0 -1 0 0 0 -1 1 -1 0 0.1 0 -1 0 0 0 -1 1 1 0.1 0.1 0 -1 0 0 0 -1 -1 1 0.1 0 0 -1 0 0 0 
Indices: 0 1 2 2 3 0 4 5 6 6 7 4 8 9 10 10 11 8 12 13 14 14 15 12 16 17 18 18 19 16 20 21 22 22 23 20 
Cube
Position: 10 -8 -20
Rotation: 0 0 0
Scale: 5 1 5
TextureIndex: 23
VerticesAfterTransformation: 
Index: 20
Invisible: false
CornerPositions: -1 1 1 0 0 0 0 0 1 0 1 1 1 0.1 0 0 0 0 1 0 1 -1 1 0.1 0.1 0 0 0 1 0 -1 -1 1 0 0.1 0 0 0 1 0 1 -1 -1 0 0 0 0 0 -1 0 1 1 -1 0.1 0 0 0 0 -1 0 -1 1 -1 0.1 0.1 0 0 0 -1 0 -1 -1 -1 0 0.1 0 0 0 -1 0 -1 1 -1 0 0 0 0 1 0 0 1 1 -1 0.1 0 0 0 1 0 0 1 1 1 0.1 0.1 0 0 1 0 0 -1 1 1 0 0.1 0 0 1 0 0 -1 -1 1 0 0 0 0 -1 0 0 1 -1 1 0.1 0 0 0 -1 0 0 1 -1 -1 0.1 0.1 0 0 -1 0 0 -1 -1 -1 0 0.1 0 0 -1 0 0 1 -1 -1 0 0 0 1 0 0 0 1 -1 1 0 0.1 0 1 0 0 0 1 1 1 0.1 0.1 0 1 0 0 0 1 1 -1 0.1 0 0 1 0 0 0 -1 -1 -1 0 0 0 -1 0 0 0 -1 1 -1 0 0.1 0 -1 0 0 0 -1 1 1 0.1 0.1 0 -1 0 0 0 -1 -1 1 0.1 0 0 -1 0 0 0 
Indices: 0 1 2 2 3 0 4 5 6 6 7 4 8 9 10 10 11 8 12 13 14 14 15 12 16 17 18 18 19 16 20 21 22 22 23 20 
Cube
Position: -10 -8 -20
Rotation: 0 0 0
Scale: 5 1 5
TextureIndex: 23
VerticesAfterTransformation: 
Index: 21
Invisible: false
CornerPositions: -1 1 1 0 0 0 0 0 1 0 1 1 1 0.1 0 0 0 0 1 0 1 -1 1 0.1 0.1 0 0 0 1 0 -1 -1 1 0 0.1 0 0 0 1 0 1 -1 -1 0 0 0 0 0 -1 0 1 1 -1 0.1 0 0 0 0 -1 0 -1 1 -1 0.1 0.1 0 0 0 -1 0 -1 -1 -1 0 0.1 0 0 0 -1 0 -1 1 -1 0 0 0 0 1 0 0 1 1 -1 0.1 0 0 0 1 0 0 1 1 1 0.1 0.1 0 0 1 0 0 -1 1 1 0 0.1 0 0 1 0 0 -1 -1 1 0 0 0 0 -1 0 0 1 -1 1 0.1 0 0 0 -1 0 0 1 -1 -1 0.1 0.1 0 0 -1 0 0 -1 -1 -1 0 0.1 0 0 -1 0 0 1 -1 -1 0 0 0 1 0 0 0 1 -1 1 0 0.1 0 1 0 0 0 1 1 1 0.1 0.1 0 1 0 0 0 1 1 -1 0.1 0 0 1 0 0 0 -1 -1 -1 0 0 0 -1 0 0 0 -1 1 -1 0 0.1 0 -1 0 0 0 -1 1 1 0.1 0.1 0 -1 0 0 0 -1 -1 1 0.1 0 0 -1 0 0 0 
Indices: 0 1 2 2 3 0 4 5 6 6 7 4 8 9 10 10 11 8 12 13 14 14 15 12 16 17 18 18 19 16 20 21 22 22 23 20 
Cube
Position: -20 -8 -20
Rotation: 0 0 0
Scale: 5 1 5
TextureIndex: 23
VerticesAfterTransformation: 
Index: 22
Invisible: false
CornerPositions: -1 1 1 0 0 0 0 0 1 0 1 1 1 0.1 0 0 0 0 1 0 1 -1 1 0.1 0.1 0 0 0 1 0 -1 -1 1 0 0.1 0 0 0 1 0 1 -1 -1 0 0 0 0 0 -1 0 1 1 -1 0.1 0 0 0 0 -1 0 -1 1 -1 0.1 0.1 0 0 0 -1 0 -1 -1 -1 0 0.1 0 0 0 -1 0 -1 1 -1 0 0 0 0 1 0 0 1 1 -1 0.1 0 0 0 1 0 0 1 1 1 0.1 0.1 0 0 1 0 0 -1 1 1 0 0.1 0 0 1 0 0 -1 -1 1 0 0 0 0 -1 0 0 1 -1 1 0.1 0 0 0 -1 0 0 1 -1 -1 0.1 0.1 0 0 -1 0 0 -1 -1 -1 0 0.1 0 0 -1 0 0 1 -1 -1 0 0 0 1 0 0 0 1 -1 1 0 0.1 0 1 0 0 0 1 1 1 0.1 0.1 0 1 0 0 0 1 1 -1 0.1 0 0 1 0 0 0 -1 -1 -1 0 0 0 -1 0 0 0 -1 1 -1 0 0.1 0 -1 0 0 0 -1 1 1 0.1 0.1 0 -1 0 0 0 -1 -1 1 0.1 0 0 -1 0 0 0 
Indices: 0 1 2 2 3 0 4 5 6 6 7 4 8 9 10 10 11 8 12 13 14 14 15 12 16 17 18 18 19 16 20 21 22 22 23 20 
Cube
Position: -20 -8 -10
Rotation: 0 0 0
Scale: 5 1 5
TextureIndex: 23
VerticesAfterTransformation: 
Index: 23
Invisible: false
CornerPositions: -1 1 1 0 0 0 0 0 1 0 1 1 1 0.1 0 0 0 0 1 0 1 -1 1 0.1 0.1 0 0 0 1 0 -1 -1 1 0 0.1 0 0 0 1 0 1 -1 -1 0 0 0 0 0 -1 0 1 1 -1 0.1 0 0 0 0 -1 0 -1 1 -1 0.1 0.1 0 0 0 -1 0 -1 -1 -1 0 0.1 0 0 0 -1 0 -1 1 -1 0 0 0 0 1 0 0 1 1 -1 0.1 0 0 0 1 0 0 1 1 1 0.1 0.1 0 0 1 0 0 -1 1 1 0 0.1 0 0 1 0 0 -1 -1 1 0 0 0 0 -1 0 0 1 -1 1 0.1 0 0 0 -1 0 0 1 -1 -1 0.1 0.1 0 0 -1 0 0 -1 -1 -1 0 0.1 0 0 -1 0 0 1 -1 -1 0 0 0 1 0 0 0 1 -1 1 0 0.1 0 1 0 0 0 1 1 1 0.1 0.1 0 1 0 0 0 1 1 -1 0.1 0 0 1 0 0 0 -1 -1 -1 0 0 0 -1 0 0 0 -1 1 -1 0 0.1 0 -1 0 0 0 -1 1 1 0.1 0.1 0 -1 0 0 0 -1 -1 1 0.1 0 0 -1 0 0 0 
Indices: 0 1 2 2 3 0 4 5 6 6 7 4 8 9 10 10 11 8 12 13 14 14 15 12 16 17 18 18 19 16 20 21 22 22 23 20 
Cube
Position: 20 -9 0
Rotation: 0 0 0
Scale: 5 1 5
TextureIndex: 22
VerticesAfterTransformation: 
Index: 24
Invisible: false
CornerPositions: -1 1 1 0 0 21 0 0 1 0 1 1 1 0.1 0 21 0 0 1 0 1 -1 1 0.1 0.1 21 0 0 1 0 -1 -1 1 0 0.1 21 0 0 1 0 1 -1 -1 0 0 21 0 0 -1 0 1 1 -1 0.1 0 21 0 0 -1 0 -1 1 -1 0.1 0.1 21 0 0 -1 0 -1 -1 -1 0 0.1 21 0 0 -1 0 -1 1 -1 0 0 21 0 1 0 0 1 1 -1 0.1 0 21 0 1 0 0 1 1 1 0.1 0.1 21 0 1 0 0 -1 1 1 0 0.1 21 0 1 0 0 -1 -1 1 0 0 21 0 -1 0 0 1 -1 1 0.1 0 21 0 -1 0 0 1 -1 -1 0.1 0.1 21 0 -1 0 0 -1 -1 -1 0 0.1 21 0 -1 0 0 1 -1 -1 0 0 21 1 0 0 0 1 -1 1 0 0.1 21 1 0 0 0 1 1 1 0.1 0.1 21 1 0 0 0 1 1 -1 0.1 0 21 1 0 0 0 -1 -1 -1 0 0 21 -1 0 0 0 -1 1 -1 0 0.1 21 -1 0 0 0 -1 1 1 0.1 0.1 21 -1 0 0 0 -1 -1 1 0.1 0 21 -1 0 0 0 
Indices: 0 1 2 2 3 0 4 5 6 6 7 4 8 9 10 10 11 8 12 13 14 14 15 12 16 17 18 18 19 16 20 21 22 22 23 20 
Cube
Position: -20 -9 0
Rotation: 0 0 0
Scale: 5 1 5
TextureIndex: 22
VerticesAfterTransformation: 
Index: 25
Invisible: false
CornerPositions: -1 1 1 0 0 0 0 0 1 0 1 1 1 0.1 0 0 0 0 1 0 1 -1 1 0.1 0.1 0 0 0 1 0 -1 -1 1 0 0.1 0 0 0 1 0 1 -1 -1 0 0 0 0 0 -1 0 1 1 -1 0.1 0 0 0 0 -1 0 -1 1 -1 0.1 0.1 0 0 0 -1 0 -1 -1 -1 0 0.1 0 0 0 -1 0 -1 1 -1 0 0 0 0 1 0 0 1 1 -1 0.1 0 0 0 1 0 0 1 1 1 0.1 0.1 0 0 1 0 0 -1 1 1 0 0.1 0 0 1 0 0 -1 -1 1 0 0 0 0 -1 0 0 1 -1 1 0.1 0 0 0 -1 0 0 1 -1 -1 0.1 0.1 0 0 -1 0 0 -1 -1 -1 0 0.1 0 0 -1 0 0 1 -1 -1 0 0 0 1 0 0 0 1 -1 1 0 0.1 0 1 0 0 0 1 1 1 0.1 0.1 0 1 0 0 0 1 1 -1 0.1 0 0 1 0 0 0 -1 -1 -1 0 0 0 -1 0 0 0 -1 1 -1 0 0.1 0 -1 0 0 0 -1 1 1 0.1 0.1 0 -1 0 0 0 -1 -1 1 0.1 0 0 -1 0 0 0 
Indices: 0 1 2 2 3 0 4 5 6 6 7 4 8 9 10 10 11 8 12 13 14 14 15 12 16 17 18 18 19 16 20 21 22 22 23 20 
Cube
Position: 0 -9 -20
Rotation: 0 0 0
Scale: 5 1 5
TextureIndex: 21
VerticesAfterTransformation: 
Index: 26
Invisible: false
CornerPositions: -1 1 1 0 0 0 0 0 1 0 1 1 1 0.1 0 0 0 0 1 0 1 -1 1 0.1 0.1 0 0 0 1 0 -1 -1 1 0 0.1 0 0 0 1 0 1 -1 -1 0 0 0 0 0 -1 0 1 1 -1 0.1 0 0 0 0 -1 0 -1 1 -1 0.1 0.1 0 0 0 -1 0 -1 -1 -1 0 0.1 0 0 0 -1 0 -1 1 -1 0 0 0 0 1 0 0 1 1 -1 0.1 0 0 0 1 0 0 1 1 1 0.1 0.1 0 0 1 0 0 -1 1 1 0 0.1 0 0 1 0 0 -1 -1 1 0 0 0 0 -1 0 0 1 -1 1 0.1 0 0 0 -1 0 0 1 -1 -1 0.1 0.1 0 0 -1 0 0 -1 -1 -1 0 0.1 0 0 -1 0 0 1 -1 -1 0 0 0 1 0 0 0 1 -1 1 0 0.1 0 1 0 0 0 1 1 1 0.1 0.1 0 1 0 0 0 1 1 -1 0.1 0 0 1 0 0 0 -1 -1 -1 0 0 0 -1 0 0 0 -1 1 -1 0 0.1 0 -1 0 0 0 -1 1 1 0.1 0.1 0 -1 0 0 0 -1 -1 1 0.1 0 0 -1 0 0 0 
Indices: 0 1 2 2 3 0 4 5 6 6 7 4 8 9 10 10 11 8 12 13 14 14 15 12 16 17 18 18 19 16 20 21 22 22 23 20 
Cube
Position: 0 -9 20
Rotation: 0 0 0
Scale: 5 1 5
TextureIndex: 21
VerticesAfterTransformation: 
Index: 27
Invisible: false
CornerPositions: -1 1 1 0 0 0 0 0 1 0 1 1 1 0.1 0 0 0 0 1 0 1 -1 1 0.1 0.1 0 0 0 1 0 -1 -1 1 0 0.1 0 0 0 1 0 1 -1 -1 0 0 0 0 0 -1 0 1 1 -1 0.1 0 0 0 0 -1 0 -1 1 -1 0.1 0.1 0 0 0 -1 0 -1 -1 -1 0 0.1 0 0 0 -1 0 -1 1 -1 0 0 0 0 1 0 0 1 1 -1 0.1 0 0 0 1 0 0 1 1 1 0.1 0.1 0 0 1 0 0 -1 1 1 0 0.1 0 0 1 0 0 -1 -1 1 0 0 0 0 -1 0 0 1 -1 1 0.1 0 0 0 -1 0 0 1 -1 -1 0.1 0.1 0 0 -1 0 0 -1 -1 -1 0 0.1 0 0 -1 0 0 1 -1 -1 0 0 0 1 0 0 0 1 -1 1 0 0.1 0 1 0 0 0 1 1 1 0.1 0.1 0 1 0 0 0 1 1 -1 0.1 0 0 1 0 0 0 -1 -1 -1 0 0 0 -1 0 0 0 -1 1 -1 0 0.1 0 -1 0 0 0 -1 1 1 0.1 0.1 0 -1 0 0 0 -1 -1 1 0.1 0 0 -1 0 0 0 
Indices: 0 1 2 2 3 0 4 5 6 6 7 4 8 9 10 10 11 8 12 13 14 14 15 12 16 17 18 18 19 16 20 21 22 22 23 20 
Cube
Position: 6 0 24
Rotation: 0 0 0
Scale: 2 8 2
TextureIndex: 42
VerticesAfterTransformation: 
Index: 28
Invisible: false
CornerPositions: -1 1 1 0 0 42 0 0 1 0 1 1 1 0.1 0 42 0 0 1 0 1 -1 1 0.1 0.1 42 0 0 1 0 -1 -1 1 0 0.1 42 0 0 1 0 1 -1 -1 0 0 42 0 0 -1 0 1 1 -1 0.1 0 42 0 0 -1 0 -1 1 -1 0.1 0.1 42 0 0 -1 0 -1 -1 -1 0 0.1 42 0 0 -1 0 -1 1 -1 0 0 42 0 1 0 0 1 1 -1 0.1 0 42 0 1 0 0 1 1 1 0.1 0.1 42 0 1 0 0 -1 1 1 0 0.1 42 0 1 0 0 -1 -1 1 0 0 42 0 -1 0 0 1 -1 1 0.1 0 42 0 -1 0 0 1 -1 -1 0.1 0.1 42 0 -1 0 0 -1 -1 -1 0 0.1 42 0 -1 0 0 1 -1 -1 0 0 42 1 0 0 0 1 -1 1 0 0.1 42 1 0 0 0 1 1 1 0.1 0.1 42 1 0 0 0 1 1 -1 0.1 0 42 1 0 0 0 -1 -1 -1 0 0 42 -1 0 0 0 -1 1 -1 0 0.1 42 -1 0 0 0 -1 1 1 0.1 0.1 42 -1 0 0 0 -1 -1 1 0.1 0 42 -1 0 0 0 
Indices: 0 1 2 2 3 0 4 5 6 6 7 4 8 9 10 10 11 8 12 13 14 14 15 12 16 17 18 18 19 16 20 21 22 22 23 20 
Cube
Position: -6 0 24
Rotation: 0 0 0
Scale: 2 8 2
TextureIndex: 42
VerticesAfterTransformation: 
Index: 29
Invisible: false
CornerPositions: -1 1 1 0 0 42 0 0 1 0 1 1 1 0.1 0 42 0 0 1 0 1 -1 1 0.1 0.1 42 0 0 1 0 -1 -1 1 0 0.1 42 0 0 1 0 1 -1 -1 0 0 42 0 0 -1 0 1 1 -1 0.1 0 42 0 0 -1 0 -1 1 -1 0.1 0.1 42 0 0 -1 0 -1 -1 -1 0 0.1 42 0 0 -1 0 -1 1 -1 0 0 42 0 1 0 0 1 1 -1 0.1 0 42 0 1 0 0 1 1 1 0.1 0.1 42 0 1 0 0 -1 1 1 0 0.1 42 0 1 0 0 -1 -1 1 0 0 42 0 -1 0 0 1 -1 1 0.1 0 42 0 -1 0 0 1 -1 -1 0.1 0.1 42 0 -1 0 0 -1 -1 -1 0 0.1 42 0 -1 0 0 1 -1 -1 0 0 42 1 0 0 0 1 -1 1 0 0.1 42 1 0 0 0 1 1 1 0.1 0.1 42 1 0 0 0 1 1 -1 0.1 0 42 1 0 0 0 -1 -1 -1 0 0 42 -1 0 0 0 -1 1 -1 0 0.1 42 -1 0 0 0 -1 1 1 0.1 0.1 42 -1 0 0 0 -1 -1 1 0.1 0 42 -1 0 0 0 
Indices: 0 1 2 2 3 0 4 5 6 6 7 4 8 9 10 10 11 8 12 13 14 14 15 12 16 17 18 18 19 16 20 21 22 22 23 20 
Cube
Position: -24 0 6
Rotation: 0 0 0
Scale: 2 8 2
TextureIndex: 42
VerticesAfterTransformation: 
Index: 30
Invisible: false
CornerPositions: -1 1 1 0 0 0 0 0 1 0 1 1 1 0.1 0 0 0 0 1 0 1 -1 1 0.1 0.1 0 0 0 1 0 -1 -1 1 0 0.1 0 0 0 1 0 1 -1 -1 0 0 0 0 0 -1 0 1 1 -1 0.1 0 0 0 0 -1 0 -1 1 -1 0.1 0.1 0 0 0 -1 0 -1 -1 -1 0 0.1 0 0 0 -1 0 -1 1 -1 0 0 0 0 1 0 0 1 1 -1 0.1 0 0 0 1 0 0 1 1 1 0.1 0.1 0 0 1 0 0 -1 1 1 0 0.1 0 0 1 0 0 -1 -1 1 0 0 0 0 -1 0 0 1 -1 1 0.1 0 0 0 -1 0 0 1 -1 -1 0.1 0.1 0 0 -1 0 0 -1 -1 -1 0 0.1 0 0 -1 0 0 1 -1 -1 0 0 0 1 0 0 0 1 -1 1 0 0.1 0 1 0 0 0 1 1 1 0.1 0.1 0 1 0 0 0 1 1 -1 0.1 0 0 1 0 0 0 -1 -1 -1 0 0 0 -1 0 0 0 -1 1 -1 0 0.1 0 -1 0 0 0 -1 1 1 0.1 0.1 0 -1 0 0 0 -1 -1 1 0.1 0 0 -1 0 0 0 
Indices: 0 1 2 2 3 0 4 5 6 6 7 4 8 9 10 10 11 8 12 13 14 14 15 12 16 17 18 18 19 16 20 21 22 22 23 20 
Cube
Position: -24 0 -6
Rotation: 0 0 0
Scale: 2 8 2
TextureIndex: 42
VerticesAfterTransformation: 
Index: 31
Invisible: false
CornerPositions: -1 1 1 0 0 0 0 0 1 0 1 1 1 0.1 0 0 0 0 1 0 1 -1 1 0.1 0.1 0 0 0 1 0 -1 -1 1 0 0.1 0 0 0 1 0 1 -1 -1 0 0 0 0 0 -1 0 1 1 -1 0.1 0 0 0 0 -1 0 -1 1 -1 0.1 0.1 0 0 0 -1 0 -1 -1 -1 0 0.1 0 0 0 -1 0 -1 1 -1 0 0 0 0 1 0 0 1 1 -1 0.1 0 0 0 1 0 0 1 1 1 0.1 0.1 0 0 1 0 0 -1 1 1 0 0.1 0 0 1 0 0 -1 -1 1 0 0 0 0 -1 0 0 1 -1 1 0.1 0 0 0 -1 0 0 1 -1 -1 0.1 0.1 0 0 -1 0 0 -1 -1 -1 0 0.1 0 0 -1 0 0 1 -1 -1 0 0 0 1 0 0 0 1 -1 1 0 0.1 0 1 0 0 0 1 1 1 0.1 0.1 0 1 0 0 0 1 1 -1 0.1 0 0 1 0 0 0 -1 -1 -1 0 0 0 -1 0 0 0 -1 1 -1 0 0.1 0 -1 0 0 0 -1 1 1 0.1 0.1 0 -1 0 0 0 -1 -1 1 0.1 0 0 -1 0 0 0 
Indices: 0 1 2 2 3 0 4 5 6 6 7 4 8 9 10 10 11 8 12 13 14 14 15 12 16 17 18 18 19 16 20 21 22 22 23 20 
Cube
Position: -6 0 -24
Rotation: 0 0 0
Scale: 2 8 2
TextureIndex: 42
VerticesAfterTransformation: 
Index: 32
Invisible: false
CornerPositions: -1 1 1 0 0 0 0 0 1 0 1 1 1 0.1 0 0 0 0 1 0 1 -1 1 0.1 0.1 0 0 0 1 0 -1 -1 1 0 0.1 0 0 0 1 0 1 -1 -1 0 0 0 0 0 -1 0 1 1 -1 0.1 0 0 0 0 -1 0 -1 1 -1 0.1 0.1 0 0 0 -1 0 -1 -1 -1 0 0.1 0 0 0 -1 0 -1 1 -1 0 0 0 0 1 0 0 1 1 -1 0.1 0 0 0 1 0 0 1 1 1 0.1 0.1 0 0 1 0 0 -1 1 1 0 0.1 0 0 1 0 0 -1 -1 1 0 0 0 0 -1 0 0 1 -1 1 0.1 0 0 0 -1 0 0 1 -1 -1 0.1 0.1 0 0 -1 0 0 -1 -1 -1 0 0.1 0 0 -1 0 0 1 -1 -1 0 0 0 1 0 0 0 1 -1 1 0 0.1 0 1 0 0 0 1 1 1 0.1 0.1 0 1 0 0 0 1 1 -1 0.1 0 0 1 0 0 0 -1 -1 -1 0 0 0 -1 0 0 0 -1 1 -1 0 0.1 0 -1 0 0 0 -1 1 1 0.1 0.1 0 -1 0 0 0 -1 -1 1 0.1 0 0 -1 0 0 0 
Indices: 0 1 2 2 3 0 4 5 6 6 7 4 8 9 10 10 11 8 12 13 14 14 15 12 16 17 18 18 19 16 20 21 22 22 23 20 
Cube
Position: 6 0 -24
Rotation: 0 0 0
Scale: 2 8 2
TextureIndex: 42
VerticesAfterTransformation: 
Index: 33
Invisible: false
CornerPositions: -1 1 1 0 0 0 0 0 1 0 1 1 1 0.1 0 0 0 0 1 0 1 -1 1 0.1 0.1 0 0 0 1 0 -1 -1 1 0 0.1 0 0 0 1 0 1 -1 -1 0 0 0 0 0 -1 0 1 1 -1 0.1 0 0 0 0 -1 0 -1 1 -1 0.1 0.1 0 0 0 -1 0 -1 -1 -1 0 0.1 0 0 0 -1 0 -1 1 -1 0 0 0 0 1 0 0 1 1 -1 0.1 0 0 0 1 0 0 1 1 1 0.1 0.1 0 0 1 0 0 -1 1 1 0 0.1 0 0 1 0 0 -1 -1 1 0 0 0 0 -1 0 0 1 -1 1 0.1 0 0 0 -1 0 0 1 -1 -1 0.1 0.1 0 0 -1 0 0 -1 -1 -1 0 0.1 0 0 -1 0 0 1 -1 -1 0 0 0 1 0 0 0 1 -1 1 0 0.1 0 1 0 0 0 1 1 1 0.1 0.1 0 1 0 0 0 1 1 -1 0.1 0 0 1 0 0 0 -1 -1 -1 0 0 0 -1 0 0 0 -1 1 -1 0 0.1 0 -1 0 0 0 -1 1 1 0.1 0.1 0 -1 0 0 0 -1 -1 1 0.1 0 0 -1 0 0 0 
Indices: 0 1 2 2 3 0 4 5 6 6 7 4 8 9 10 10 11 8 12 13 14 14 15 12 16 17 18 18 19 16 20 21 22 22 23 20 
Cube
Position: 24 0 -6
Rotation: 0 0 0
Scale: 2 8 2
TextureIndex: 42
VerticesAfterTransformation: 
Index: 34
Invisible: false
CornerPositions: -1 1 1 0 0 0 0 0 1 0 1 1 1 0.1 0 0 0 0 1 0 1 -1 1 0.1 0.1 0 0 0 1 0 -1 -1 1 0 0.1 0 0 0 1 0 1 -1 -1 0 0 0 0 0 -1 0 1 1 -1 0.1 0 0 0 0 -1 0 -1 1 -1 0.1 0.1 0 0 0 -1 0 -1 -1 -1 0 0.1 0 0 0 -1 0 -1 1 -1 0 0 0 0 1 0 0 1 1 -1 0.1 0 0 0 1 0 0 1 1 1 0.1 0.1 0 0 1 0 0 -1 1 1 0 0.1 0 0 1 0 0 -1 -1 1 0 0 0 0 -1 0 0 1 -1 1 0.1 0 0 0 -1 0 0 1 -1 -1 0.1 0.1 0 0 -1 0 0 -1 -1 -1 0 0.1 0 0 -1 0 0 1 -1 -1 0 0 0 1 0 0 0 1 -1 1 0 0.1 0 1 0 0 0 1 1 1 0.1 0.1 0 1 0 0 0 1 1 -1 0.1 0 0 1 0 0 0 -1 -1 -1 0 0 0 -1 0 0 0 -1 1 -1 0 0.1 0 -1 0 0 0 -1 1 1 0.1 0.1 0 -1 0 0 0 -1 -1 1 0.1 0 0 -1 0 0 0 
Indices: 0 1 2 2 3 0 4 5 6 6 7 4 8 9 10 10 11 8 12 13 14 14 15 12 16 17 18 18 19 16 20 21 22 22 23 20 
Cube
Position: 24 0 6
Rotation: 0 0 0
Scale: 2 8 2
TextureIndex: 42
VerticesAfterTransformation: 
Index: 35
Invisible: false
CornerPositions: -1 1 1 0 0 0 0 0 1 0 1 1 1 0.1 0 0 0 0 1 0 1 -1 1 0.1 0.1 0 0 0 1 0 -1 -1 1 0 0.1 0 0 0 1 0 1 -1 -1 0 0 0 0 0 -1 0 1 1 -1 0.1 0 0 0 0 -1 0 -1 1 -1 0.1 0.1 0 0 0 -1 0 -1 -1 -1 0 0.1 0 0 0 -1 0 -1 1 -1 0 0 0 0 1 0 0 1 1 -1 0.1 0 0 0 1 0 0 1 1 1 0.1 0.1 0 0 1 0 0 -1 1 1 0 0.1 0 0 1 0 0 -1 -1 1 0 0 0 0 -1 0 0 1 -1 1 0.1 0 0 0 -1 0 0 1 -1 -1 0.1 0.1 0 0 -1 0 0 -1 -1 -1 0 0.1 0 0 -1 0 0 1 -1 -1 0 0 0 1 0 0 0 1 -1 1 0 0.1 0 1 0 0 0 1 1 1 0.1 0.1 0 1 0 0 0 1 1 -1 0.1 0 0 1 0 0 0 -1 -1 -1 0 0 0 -1 0 0 0 -1 1 -1 0 0.1 0 -1 0 0 0 -1 1 1 0.1 0.1 0 -1 0 0 0 -1 -1 1 0.1 0 0 -1 0 0 0 
Indices: 0 1 2 2 3 0 4 5 6 6 7 4 8 9 10 10 11 8 12 13 14 14 15 12 16 17 18 18 19 16 20 21 22 22 23 20 
Cube
Position: 0 -3.00004 24
Rotation: 0 0 0
Scale: 4 5 0.5
TextureIndex: 98
VerticesAfterTransformation: 
Index: 36
Invisible: false
CornerPositions: -1 1 1 0 0 98 0 0 1 0 1 1 1 0.1 0 98 0 0 1 0 1 -1 1 0.1 0.1 98 0 0 1 0 -1 -1 1 0 0.1 98 0 0 1 0 1 -1 -1 0 0 98 0 0 -1 0 1 1 -1 0.1 0 98 0 0 -1 0 -1 1 -1 0.1 0.1 98 0 0 -1 0 -1 -1 -1 0 0.1 98 0 0 -1 0 -1 1 -1 0 0 98 0 1 0 0 1 1 -1 0.1 0 98 0 1 0 0 1 1 1 0.1 0.1 98 0 1 0 0 -1 1 1 0 0.1 98 0 1 0 0 -1 -1 1 0 0 98 0 -1 0 0 1 -1 1 0.1 0 98 0 -1 0 0 1 -1 -1 0.1 0.1 98 0 -1 0 0 -1 -1 -1 0 0.1 98 0 -1 0 0 1 -1 -1 0 0 98 1 0 0 0 1 -1 1 0 0.1 98 1 0 0 0 1 1 1 0.1 0.1 98 1 0 0 0 1 1 -1 0.1 0 98 1 0 0 0 -1 -1 -1 0 0 98 -1 0 0 0 -1 1 -1 0 0.1 98 -1 0 0 0 -1 1 1 0.1 0.1 98 -1 0 0 0 -1 -1 1 0.1 0 98 -1 0 0 0 
Indices: 0 1 2 2 3 0 4 5 6 6 7 4 8 9 10 10 11 8 12 13 14 14 15 12 16 17 18 18 19 16 20 21 22 22 23 20 
Cube
Position: -24 -3.00007 0
Rotation: 0 0 0
Scale: 0.5 5 4
TextureIndex: 98
VerticesAfterTransformation: 
Index: 37
Invisible: false
CornerPositions: -1 1 1 0 0 98 0 0 1 0 1 1 1 0.1 0 98 0 0 1 0 1 -1 1 0.1 0.1 98 0 0 1 0 -1 -1 1 0 0.1 98 0 0 1 0 1 -1 -1 0 0 98 0 0 -1 0 1 1 -1 0.1 0 98 0 0 -1 0 -1 1 -1 0.1 0.1 98 0 0 -1 0 -1 -1 -1 0 0.1 98 0 0 -1 0 -1 1 -1 0 0 98 0 1 0 0 1 1 -1 0.1 0 98 0 1 0 0 1 1 1 0.1 0.1 98 0 1 0 0 -1 1 1 0 0.1 98 0 1 0 0 -1 -1 1 0 0 98 0 -1 0 0 1 -1 1 0.1 0 98 0 -1 0 0 1 -1 -1 0.1 0.1 98 0 -1 0 0 -1 -1 -1 0 0.1 98 0 -1 0 0 1 -1 -1 0 0 98 1 0 0 0 1 -1 1 0 0.1 98 1 0 0 0 1 1 1 0.1 0.1 98 1 0 0 0 1 1 -1 0.1 0 98 1 0 0 0 -1 -1 -1 0 0 98 -1 0 0 0 -1 1 -1 0 0.1 98 -1 0 0 0 -1 1 1 0.1 0.1 98 -1 0 0 0 -1 -1 1 0.1 0 98 -1 0 0 0 
Indices: 0 1 2 2 3 0 4 5 6 6 7 4 8 9 10 10 11 8 12 13 14 14 15 12 16 17 18 18 19 16 20 21 22 22 23 20 
Cube
Position: 24 -3.00032 0
Rotation: 0 0 0
Scale: 0.5 5 4
TextureIndex: 98
VerticesAfterTransformation: 
Index: 38
Invisible: false
CornerPositions: -1 1 1 0 0 98 0 0 1 0 1 1 1 0.1 0 98 0 0 1 0 1 -1 1 0.1 0.1 98 0 0 1 0 -1 -1 1 0 0.1 98 0 0 1 0 1 -1 -1 0 0 98 0 0 -1 0 1 1 -1 0.1 0 98 0 0 -1 0 -1 1 -1 0.1 0.1 98 0 0 -1 0 -1 -1 -1 0 0.1 98 0 0 -1 0 -1 1 -1 0 0 98 0 1 0 0 1 1 -1 0.1 0 98 0 1 0 0 1 1 1 0.1 0.1 98 0 1 0 0 -1 1 1 0 0.1 98 0 1 0 0 -1 -1 1 0 0 98 0 -1 0 0 1 -1 1 0.1 0 98 0 -1 0 0 1 -1 -1 0.1 0.1 98 0 -1 0 0 -1 -1 -1 0 0.1 98 0 -1 0 0 1 -1 -1 0 0 98 1 0 0 0 1 -1 1 0 0.1 98 1 0 0 0 1 1 1 0.1 0.1 98 1 0 0 0 1 1 -1 0.1 0 98 1 0 0 0 -1 -1 -1 0 0 98 -1 0 0 0 -1 1 -1 0 0.1 98 -1 0 0 0 -1 1 1 0.1 0.1 98 -1 0 0 0 -1 -1 1 0.1 0 98 -1 0 0 0 
Indices: 0 1 2 2 3 0 4 5 6 6 7 4 8 9 10 10 11 8 12 13 14 14 15 12 16 17 18 18 19 16 20 21 22 22 23 20 
Cube
Position: 0 -3.01 -24
Rotation: 0 0 0
Scale: 4 5 0.5
TextureIndex: 98
VerticesAfterTransformation: 
Index: 39
Invisible: false
CornerPositions: -1 1 1 0 0 98 0 0 1 0 1 1 1 0.1 0 98 0 0 1 0 1 -1 1 0.1 0.1 98 0 0 1 0 -1 -1 1 0 0.1 98 0 0 1 0 1 -1 -1 0 0 98 0 0 -1 0 1 1 -1 0.1 0 98 0 0 -1 0 -1 1 -1 0.1 0.1 98 0 0 -1 0 -1 -1 -1 0 0.1 98 0 0 -1 0 -1 1 -1 0 0 98 0 1 0 0 1 1 -1 0.1 0 98 0 1 0 0 1 1 1 0.1 0.1 98 0 1 0 0 -1 1 1 0 0.1 98 0 1 0 0 -1 -1 1 0 0 98 0 -1 0 0 1 -1 1 0.1 0 98 0 -1 0 0 1 -1 -1 0.1 0.1 98 0 -1 0 0 -1 -1 -1 0 0.1 98 0 -1 0 0 1 -1 -1 0 0 98 1 0 0 0 1 -1 1 0 0.1 98 1 0 0 0 1 1 1 0.1 0.1 98 1 0 0 0 1 1 -1 0.1 0 98 1 0 0 0 -1 -1 -1 0 0 98 -1 0 0 0 -1 1 -1 0 0.1 98 -1 0 0 0 -1 1 1 0.1 0.1 98 -1 0 0 0 -1 -1 1 0.1 0 98 -1 0 0 0 
Indices: 0 1 2 2 3 0 4 5 6 6 7 4 8 9 10 10 11 8 12 13 14 14 15 12 16 17 18 18 19 16 20 21 22 22 23 20 
Cube
Position: 0 -9 -30
Rotation: 0 0 0
Scale: 5 1 5
TextureIndex: 21
VerticesAfterTransformation: 
Index: 40
Invisible: false
CornerPositions: -1 1 1 0 0 21 0 0 1 0 1 1 1 0.1 0 21 0 0 1 0 1 -1 1 0.1 0.1 21 0 0 1 0 -1 -1 1 0 0.1 21 0 0 1 0 1 -1 -1 0 0 21 0 0 -1 0 1 1 -1 0.1 0 21 0 0 -1 0 -1 1 -1 0.1 0.1 21 0 0 -1 0 -1 -1 -1 0 0.1 21 0 0 -1 0 -1 1 -1 0 0 21 0 1 0 0 1 1 -1 0.1 0 21 0 1 0 0 1 1 1 0.1 0.1 21 0 1 0 0 -1 1 1 0 0.1 21 0 1 0 0 -1 -1 1 0 0 21 0 -1 0 0 1 -1 1 0.1 0 21 0 -1 0 0 1 -1 -1 0.1 0.1 21 0 -1 0 0 -1 -1 -1 0 0.1 21 0 -1 0 0 1 -1 -1 0 0 21 1 0 0 0 1 -1 1 0 0.1 21 1 0 0 0 1 1 1 0.1 0.1 21 1 0 0 0 1 1 -1 0.1 0 21 1 0 0 0 -1 -1 -1 0 0 21 -1 0 0 0 -1 1 -1 0 0.1 21 -1 0 0 0 -1 1 1 0.1 0.1 21 -1 0 0 0 -1 -1 1 0.1 0 21 -1 0 0 0 
Indices: 0 1 2 2 3 0 4 5 6 6 7 4 8 9 10 10 11 8 12 13 14 14 15 12 16 17 18 18 19 16 20 21 22 22 23 20 
Cube
Position: -30 -9 0
Rotation: 0 0 0
Scale: 5 1 5
TextureIndex: 22
VerticesAfterTransformation: 
Index: 41
Invisible: false
CornerPositions: -1 1 1 0 0 0 0 0 1 0 1 1 1 0.1 0 0 0 0 1 0 1 -1 1 0.1 0.1 0 0 0 1 0 -1 -1 1 0 0.1 0 0 0 1 0 1 -1 -1 0 0 0 0 0 -1 0 1 1 -1 0.1 0 0 0 0 -1 0 -1 1 -1 0.1 0.1 0 0 0 -1 0 -1 -1 -1 0 0.1 0 0 0 -1 0 -1 1 -1 0 0 0 0 1 0 0 1 1 -1 0.1 0 0 0 1 0 0 1 1 1 0.1 0.1 0 0 1 0 0 -1 1 1 0 0.1 0 0 1 0 0 -1 -1 1 0 0 0 0 -1 0 0 1 -1 1 0.1 0 0 0 -1 0 0 1 -1 -1 0.1 0.1 0 0 -1 0 0 -1 -1 -1 0 0.1 0 0 -1 0 0 1 -1 -1 0 0 0 1 0 0 0 1 -1 1 0 0.1 0 1 0 0 0 1 1 1 0.1 0.1 0 1 0 0 0 1 1 -1 0.1 0 0 1 0 0 0 -1 -1 -1 0 0 0 -1 0 0 0 -1 1 -1 0 0.1 0 -1 0 0 0 -1 1 1 0.1 0.1 0 -1 0 0 0 -1 -1 1 0.1 0 0 -1 0 0 0 
Indices: 0 1 2 2 3 0 4 5 6 6 7 4 8 9 10 10 11 8 12 13 14 14 15 12 16 17 18 18 19 16 20 21 22 22 23 20 
Cube
Position: 0 -9 30
Rotation: 0 0 0
Scale: 5 1 5
TextureIndex: 21
VerticesAfterTransformation: 
Index: 42
Invisible: false
CornerPositions: -1 1 1 0 0 0 0 0 1 0 1 1 1 0.1 0 0 0 0 1 0 1 -1 1 0.1 0.1 0 0 0 1 0 -1 -1 1 0 0.1 0 0 0 1 0 1 -1 -1 0 0 0 0 0 -1 0 1 1 -1 0.1 0 0 0 0 -1 0 -1 1 -1 0.1 0.1 0 0 0 -1 0 -1 -1 -1 0 0.1 0 0 0 -1 0 -1 1 -1 0 0 0 0 1 0 0 1 1 -1 0.1 0 0 0 1 0 0 1 1 1 0.1 0.1 0 0 1 0 0 -1 1 1 0 0.1 0 0 1 0 0 -1 -1 1 0 0 0 0 -1 0 0 1 -1 1 0.1 0 0 0 -1 0 0 1 -1 -1 0.1 0.1 0 0 -1 0 0 -1 -1 -1 0 0.1 0 0 -1 0 0 1 -1 -1 0 0 0 1 0 0 0 1 -1 1 0 0.1 0 1 0 0 0 1 1 1 0.1 0.1 0 1 0 0 0 1 1 -1 0.1 0 0 1 0 0 0 -1 -1 -1 0 0 0 -1 0 0 0 -1 1 -1 0 0.1 0 -1 0 0 0 -1 1 1 0.1 0.1 0 -1 0 0 0 -1 -1 1 0.1 0 0 -1 0 0 0 
Indices: 0 1 2 2 3 0 4 5 6 6 7 4 8 9 10 10 11 8 12 13 14 14 15 12 16 17 18 18 19 16 20 21 22 22 23 20 
Cube
Position: 30 -9 0
Rotation: 0 0 0
Scale: 5 1 5
TextureIndex: 22
VerticesAfterTransformation: 
Index: 43
Invisible: false
CornerPositions: -1 1 1 0 0 0 0 0 1 0 1 1 1 0.1 0 0 0 0 1 0 1 -1 1 0.1 0.1 0 0 0 1 0 -1 -1 1 0 0.1 0 0 0 1 0 1 -1 -1 0 0 0 0 0 -1 0 1 1 -1 0.1 0 0 0 0 -1 0 -1 1 -1 0.1 0.1 0 0 0 -1 0 -1 -1 -1 0 0.1 0 0 0 -1 0 -1 1 -1 0 0 0 0 1 0 0 1 1 -1 0.1 0 0 0 1 0 0 1 1 1 0.1 0.1 0 0 1 0 0 -1 1 1 0 0.1 0 0 1 0 0 -1 -1 1 0 0 0 0 -1 0 0 1 -1 1 0.1 0 0 0 -1 0 0 1 -1 -1 0.1 0.1 0 0 -1 0 0 -1 -1 -1 0 0.1 0 0 -1 0 0 1 -1 -1 0 0 0 1 0 0 0 1 -1 1 0 0.1 0 1 0 0 0 1 1 1 0.1 0.1 0 1 0 0 0 1 1 -1 0.1 0 0 1 0 0 0 -1 -1 -1 0 0 0 -1 0 0 0 -1 1 -1 0 0.1 0 -1 0 0 0 -1 1 1 0.1 0.1 0 -1 0 0 0 -1 -1 1 0.1 0 0 -1 0 0 0 
Indices: 0 1 2 2 3 0 4 5 6 6 7 4 8 9 10 10 11 8 12 13 14 14 15 12 16 17 18 18 19 16 20 21 22 22 23 20 
Cube
Position: 24 3 0
Rotation: 0 0 0
Scale: 1.5 1 5
TextureIndex: 0
VerticesAfterTransformation: 
Index: 44
Invisible: false
CornerPositions: -1 1 1 0 0 22 0 0 1 0 1 1 1 0.1 0 22 0 0 1 0 1 -1 1 0.1 0.1 22 0 0 1 0 -1 -1 1 0 0.1 22 0 0 1 0 1 -1 -1 0 0 22 0 0 -1 0 1 1 -1 0.1 0 22 0 0 -1 0 -1 1 -1 0.1 0.1 22 0 0 -1 0 -1 -1 -1 0 0.1 22 0 0 -1 0 -1 1 -1 0 0 22 0 1 0 0 1 1 -1 0.1 0 22 0 1 0 0 1 1 1 0.1 0.1 22 0 1 0 0 -1 1 1 0 0.1 22 0 1 0 0 -1 -1 1 0 0 22 0 -1 0 0 1 -1 1 0.1 0 22 0 -1 0 0 1 -1 -1 0.1 0.1 22 0 -1 0 0 -1 -1 -1 0 0.1 22 0 -1 0 0 1 -1 -1 0 0 22 1 0 0 0 1 -1 1 0 0.1 22 1 0 0 0 1 1 1 0.1 0.1 22 1 0 0 0 1 1 -1 0.1 0 22 1 0 0 0 -1 -1 -1 0 0 22 -1 0 0 0 -1 1 -1 0 0.1 22 -1 0 0 0 -1 1 1 0.1 0.1 22 -1 0 0 0 -1 -1 1 0.1 0 22 -1 0 0 0 
Indices: 0 1 2 2 3 0 4 5 6 6 7 4 8 9 10 10 11 8 12 13 14 14 15 12 16 17 18 18 19 16 20 21 22 22 23 20 
Cube
Position: 0 3 24
Rotation: 0 0 0
Scale: 5 1 1.5
TextureIndex: 0
VerticesAfterTransformation: 
Index: 45
Invisible: false
CornerPositions: -1 1 1 0 0 22 0 0 1 0 1 1 1 0.1 0 22 0 0 1 0 1 -1 1 0.1 0.1 22 0 0 1 0 -1 -1 1 0 0.1 22 0 0 1 0 1 -1 -1 0 0 22 0 0 -1 0 1 1 -1 0.1 0 22 0 0 -1 0 -1 1 -1 0.1 0.1 22 0 0 -1 0 -1 -1 -1 0 0.1 22 0 0 -1 0 -1 1 -1 0 0 22 0 1 0 0 1 1 -1 0.1 0 22 0 1 0 0 1 1 1 0.1 0.1 22 0 1 0 0 -1 1 1 0 0.1 22 0 1 0 0 -1 -1 1 0 0 22 0 -1 0 0 1 -1 1 0.1 0 22 0 -1 0 0 1 -1 -1 0.1 0.1 22 0 -1 0 0 -1 -1 -1 0 0.1 22 0 -1 0 0 1 -1 -1 0 0 22 1 0 0 0 1 -1 1 0 0.1 22 1 0 0 0 1 1 1 0.1 0.1 22 1 0 0 0 1 1 -1 0.1 0 22 1 0 0 0 -1 -1 -1 0 0 22 -1 0 0 0 -1 1 -1 0 0.1 22 -1 0 0 0 -1 1 1 0.1 0.1 22 -1 0 0 0 -1 -1 1 0.1 0 22 -1 0 0 0 
Indices: 0 1 2 2 3 0 4 5 6 6 7 4 8 9 10 10 11 8 12 13 14 14 15 12 16 17 18 18 19 16 20 21 22 22 23 20 
Cube
Position: -24 3 0
Rotation: 0 0 0
Scale: 1.5 1 5
TextureIndex: 0
VerticesAfterTransformation: 
Index: 46
Invisible: false
CornerPositions: -1 1 1 0 0 22 0 0 1 0 1 1 1 0.1 0 22 0 0 1 0 1 -1 1 0.1 0.1 22 0 0 1 0 -1 -1 1 0 0.1 22 0 0 1 0 1 -1 -1 0 0 22 0 0 -1 0 1 1 -1 0.1 0 22 0 0 -1 0 -1 1 -1 0.1 0.1 22 0 0 -1 0 -1 -1 -1 0 0.1 22 0 0 -1 0 -1 1 -1 0 0 22 0 1 0 0 1 1 -1 0.1 0 22 0 1 0 0 1 1 1 0.1 0.1 22 0 1 0 0 -1 1 1 0 0.1 22 0 1 0 0 -1 -1 1 0 0 22 0 -1 0 0 1 -1 1 0.1 0 22 0 -1 0 0 1 -1 -1 0.1 0.1 22 0 -1 0 0 -1 -1 -1 0 0.1 22 0 -1 0 0 1 -1 -1 0 0 22 1 0 0 0 1 -1 1 0 0.1 22 1 0 0 0 1 1 1 0.1 0.1 22 1 0 0 0 1 1 -1 0.1 0 22 1 0 0 0 -1 -1 -1 0 0 22 -1 0 0 0 -1 1 -1 0 0.1 22 -1 0 0 0 -1 1 1 0.1 0.1 22 -1 0 0 0 -1 -1 1 0.1 0 22 -1 0 0 0 
Indices: 0 1 2 2 3 0 4 5 6 6 7 4 8 9 10 10 11 8 12 13 14 14 15 12 16 17 18 18 19 16 20 21 22 22 23 20 
Cube
Position: 0 3 -24
Rotation: 0 0 0
Scale: 5 1 1.5
TextureIndex: 0
VerticesAfterTransformation: 
Index: 47
Invisible: false
CornerPositions: -1 1 1 0 0 22 0 0 1 0 1 1 1 0.1 0 22 0 0 1 0 1 -1 1 0.1 0.1 22 0 0 1 0 -1 -1 1 0 0.1 22 0 0 1 0 1 -1 -1 0 0 22 0 0 -1 0 1 1 -1 0.1 0 22 0 0 -1 0 -1 1 -1 0.1 0.1 22 0 0 -1 0 -1 -1 -1 0 0.1 22 0 0 -1 0 -1 1 -1 0 0 22 0 1 0 0 1 1 -1 0.1 0 22 0 1 0 0 1 1 1 0.1 0.1 22 0 1 0 0 -1 1 1 0 0.1 22 0 1 0 0 -1 -1 1 0 0 22 0 -1 0 0 1 -1 1 0.1 0 22 0 -1 0 0 1 -1 -1 0.1 0.1 22 0 -1 0 0 -1 -1 -1 0 0.1 22 0 -1 0 0 1 -1 -1 0 0 22 1 0 0 0 1 -1 1 0 0.1 22 1 0 0 0 1 1 1 0.1 0.1 22 1 0 0 0 1 1 -1 0.1 0 22 1 0 0 0 -1 -1 -1 0 0 22 -1 0 0 0 -1 1 -1 0 0.1 22 -1 0 0 0 -1 1 1 0.1 0.1 22 -1 0 0 0 -1 -1 1 0.1 0 22 -1 0 0 0 
Indices: 0 1 2 2 3 0 4 5 6 6 7 4 8 9 10 10 11 8 12 13 14 14 15 12 16 17 18 18 19 16 20 21 22 22 23 20 
Cube
Position: 24 -6 18
Rotation: 0 0 0
Scale: 1 4.5 10
TextureIndex: 0
VerticesAfterTransformation: 
Index: 48
Invisible: false
CornerPositions: -1 1 1 0 0 0 0 0 1 0 1 1 1 0.1 0 0 0 0 1 0 1 -1 1 0.1 0.1 0 0 0 1 0 -1 -1 1 0 0.1 0 0 0 1 0 1 -1 -1 0 0 0 0 0 -1 0 1 1 -1 0.1 0 0 0 0 -1 0 -1 1 -1 0.1 0.1 0 0 0 -1 0 -1 -1 -1 0 0.1 0 0 0 -1 0 -1 1 -1 0 0 0 0 1 0 0 1 1 -1 0.1 0 0 0 1 0 0 1 1 1 0.1 0.1 0 0 1 0 0 -1 1 1 0 0.1 0 0 1 0 0 -1 -1 1 0 0 0 0 -1 0 0 1 -1 1 0.1 0 0 0 -1 0 0 1 -1 -1 0.1 0.1 0 0 -1 0 0 -1 -1 -1 0 0.1 0 0 -1 0 0 1 -1 -1 0 0 0 1 0 0 0 1 -1 1 0 0.1 0 1 0 0 0 1 1 1 0.1 0.1 0 1 0 0 0 1 1 -1 0.1 0 0 1 0 0 0 -1 -1 -1 0 0 0 -1 0 0 0 -1 1 -1 0 0.1 0 -1 0 0 0 -1 1 1 0.1 0.1 0 -1 0 0 0 -1 -1 1 0.1 0 0 -1 0 0 0 
Indices: 0 1 2 2 3 0 4 5 6 6 7 4 8 9 10 10 11 8 12 13 14 14 15 12 16 17 18 18 19 16 20 21 22 22 23 20 
Cube
Position: 18 -6 24
Rotation: 0 0 0
Scale: 10 4.5 1
TextureIndex: 0
VerticesAfterTransformation: 
Index: 49
Invisible: false
CornerPositions: -1 1 1 0 0 0 0 0 1 0 1 1 1 0.1 0 0 0 0 1 0 1 -1 1 0.1 0.1 0 0 0 1 0 -1 -1 1 0 0.1 0 0 0 1 0 1 -1 -1 0 0 0 0 0 -1 0 1 1 -1 0.1 0 0 0 0 -1 0 -1 1 -1 0.1 0.1 0 0 0 -1 0 -1 -1 -1 0 0.1 0 0 0 -1 0 -1 1 -1 0 0 0 0 1 0 0 1 1 -1 0.1 0 0 0 1 0 0 1 1 1 0.1 0.1 0 0 1 0 0 -1 1 1 0 0.1 0 0 1 0 0 -1 -1 1 0 0 0 0 -1 0 0 1 -1 1 0.1 0 0 0 -1 0 0 1 -1 -1 0.1 0.1 0 0 -1 0 0 -1 -1 -1 0 0.1 0 0 -1 0 0 1 -1 -1 0 0 0 1 0 0 0 1 -1 1 0 0.1 0 1 0 0 0 1 1 1 0.1 0.1 0 1 0 0 0 1 1 -1 0.1 0 0 1 0 0 0 -1 -1 -1 0 0 0 -1 0 0 0 -1 1 -1 0 0.1 0 -1 0 0 0 -1 1 1 0.1 0.1 0 -1 0 0 0 -1 -1 1 0.1 0 0 -1 0 0 0 
Indices: 0 1 2 2 3 0 4 5 6 6 7 4 8 9 10 10 11 8 12 13 14 14 15 12 16 17 18 18 19 16 20 21 22 22 23 20 
Cube
Position: -24 -6 18
Rotation: 0 0 0
Scale: 1 4.5 10
TextureIndex: 0
VerticesAfterTransformation: 
Index: 50
Invisible: false
CornerPositions: -1 1 1 0 0 0 0 0 1 0 1 1 1 0.1 0 0 0 0 1 0 1 -1 1 0.1 0.1 0 0 0 1 0 -1 -1 1 0 0.1 0 0 0 1 0 1 -1 -1 0 0 0 0 0 -1 0 1 1 -1 0.1 0 0 0 0 -1 0 -1 1 -1 0.1 0.1 0 0 0 -1 0 -1 -1 -1 0 0.1 0 0 0 -1 0 -1 1 -1 0 0 0 0 1 0 0 1 1 -1 0.1 0 0 0 1 0 0 1 1 1 0.1 0.1 0 0 1 0 0 -1 1 1 0 0.1 0 0 1 0 0 -1 -1 1 0 0 0 0 -1 0 0 1 -1 1 0.1 0 0 0 -1 0 0 1 -1 -1 0.1 0.1 0 0 -1 0 0 -1 -1 -1 0 0.1 0 0 -1 0 0 1 -1 -1 0 0 0 1 0 0 0 1 -1 1 0 0.1 0 1 0 0 0 1 1 1 0.1 0.1 0 1 0 0 0 1 1 -1 0.1 0 0 1 0 0 0 -1 -1 -1 0 0 0 -1 0 0 0 -1 1 -1 0 0.1 0 -1 0 0 0 -1 1 1 0.1 0.1 0 -1 0 0 0 -1 -1 1 0.1 0 0 -1 0 0 0 
Indices: 0 1 2 2 3 0 4 5 6 6 7 4 8 9 10 10 11 8 12 13 14 14 15 12 16 17 18 18 19 16 20 21 22 22 23 20 
Cube
Position: -24 -6 -18
Rotation: 0 0 0
Scale: 1 4.5 10
TextureIndex: 0
VerticesAfterTransformation: 
Index: 51
Invisible: false
CornerPositions: -1 1 1 0 0 0 0 0 1 0 1 1 1 0.1 0 0 0 0 1 0 1 -1 1 0.1 0.1 0 0 0 1 0 -1 -1 1 0 0.1 0 0 0 1 0 1 -1 -1 0 0 0 0 0 -1 0 1 1 -1 0.1 0 0 0 0 -1 0 -1 1 -1 0.1 0.1 0 0 0 -1 0 -1 -1 -1 0 0.1 0 0 0 -1 0 -1 1 -1 0 0 0 0 1 0 0 1 1 -1 0.1 0 0 0 1 0 0 1 1 1 0.1 0.1 0 0 1 0 0 -1 1 1 0 0.1 0 0 1 0 0 -1 -1 1 0 0 0 0 -1 0 0 1 -1 1 0.1 0 0 0 -1 0 0 1 -1 -1 0.1 0.1 0 0 -1 0 0 -1 -1 -1 0 0.1 0 0 -1 0 0 1 -1 -1 0 0 0 1 0 0 0 1 -1 1 0 0.1 0 1 0 0 0 1 1 1 0.1 0.1 0 1 0 0 0 1 1 -1 0.1 0 0 1 0 0 0 -1 -1 -1 0 0 0 -1 0 0 0 -1 1 -1 0 0.1 0 -1 0 0 0 -1 1 1 0.1 0.1 0 -1 0 0 0 -1 -1 1 0.1 0 0 -1 0 0 0 
Indices: 0 1 2 2 3 0 4 5 6 6 7 4 8 9 10 10 11 8 12 13 14 14 15 12 16 17 18 18 19 16 20 21 22 22 23 20 
Cube
Position: 24 -6 -18
Rotation: 0 0 0
Scale: 1 4.5 10
TextureIndex: 0
VerticesAfterTransformation: 
Index: 52
Invisible: false
CornerPositions: -1 1 1 0 0 0 0 0 1 0 1 1 1 0.1 0 0 0 0 1 0 1 -1 1 0.1 0.1 0 0 0 1 0 -1 -1 1 0 0.1 0 0 0 1 0 1 -1 -1 0 0 0 0 0 -1 0 1 1 -1 0.1 0 0 0 0 -1 0 -1 1 -1 0.1 0.1 0 0 0 -1 0 -1 -1 -1 0 0.1 0 0 0 -1 0 -1 1 -1 0 0 0 0 1 0 0 1 1 -1 0.1 0 0 0 1 0 0 1 1 1 0.1 0.1 0 0 1 0 0 -1 1 1 0 0.1 0 0 1 0 0 -1 -1 1 0 0 0 0 -1 0 0 1 -1 1 0.1 0 0 0 -1 0 0 1 -1 -1 0.1 0.1 0 0 -1 0 0 -1 -1 -1 0 0.1 0 0 -1 0 0 1 -1 -1 0 0 0 1 0 0 0 1 -1 1 0 0.1 0 1 0 0 0 1 1 1 0.1 0.1 0 1 0 0 0 1 1 -1 0.1 0 0 1 0 0 0 -1 -1 -1 0 0 0 -1 0 0 0 -1 1 -1 0 0.1 0 -1 0 0 0 -1 1 1 0.1 0.1 0 -1 0 0 0 -1 -1 1 0.1 0 0 -1 0 0 0 
Indices: 0 1 2 2 3 0 4 5 6 6 7 4 8 9 10 10 11 8 12 13 14 14 15 12 16 17 18 18 19 16 20 21 22 22 23 20 
Cube
Position: 18 -6 -24
Rotation: 0 0 0
Scale: 10 4.5 1
TextureIndex: 0
VerticesAfterTransformation: 
Index: 53
Invisible: false
CornerPositions: -1 1 1 0 0 0 0 0 1 0 1 1 1 0.1 0 0 0 0 1 0 1 -1 1 0.1 0.1 0 0 0 1 0 -1 -1 1 0 0.1 0 0 0 1 0 1 -1 -1 0 0 0 0 0 -1 0 1 1 -1 0.1 0 0 0 0 -1 0 -1 1 -1 0.1 0.1 0 0 0 -1 0 -1 -1 -1 0 0.1 0 0 0 -1 0 -1 1 -1 0 0 0 0 1 0 0 1 1 -1 0.1 0 0 0 1 0 0 1 1 1 0.1 0.1 0 0 1 0 0 -1 1 1 0 0.1 0 0 1 0 0 -1 -1 1 0 0 0 0 -1 0 0 1 -1 1 0.1 0 0 0 -1 0 0 1 -1 -1 0.1 0.1 0 0 -1 0 0 -1 -1 -1 0 0.1 0 0 -1 0 0 1 -1 -1 0 0 0 1 0 0 0 1 -1 1 0 0.1 0 1 0 0 0 1 1 1 0.1 0.1 0 1 0 0 0 1 1 -1 0.1 0 0 1 0 0 0 -1 -1 -1 0 0 0 -1 0 0 0 -1 1 -1 0 0.1 0 -1 0 0 0 -1 1 1 0.1 0.1 0 -1 0 0 0 -1 -1 1 0.1 0 0 -1 0 0 0 
Indices: 0 1 2 2 3 0 4 5 6 6 7 4 8 9 10 10 11 8 12 13 14 14 15 12 16 17 18 18 19 16 20 21 22 22 23 20 
Cube
Position: -18 -6 -24
Rotation: 0 0 0
Scale: 10 4.5 1
TextureIndex: 0
VerticesAfterTransformation: 
Index: 54
Invisible: false
CornerPositions: -1 1 1 0 0 0 0 0 1 0 1 1 1 0.1 0 0 0 0 1 0 1 -1 1 0.1 0.1 0 0 0 1 0 -1 -1 1 0 0.1 0 0 0 1 0 1 -1 -1 0 0 0 0 0 -1 0 1 1 -1 0.1 0 0 0 0 -1 0 -1 1 -1 0.1 0.1 0 0 0 -1 0 -1 -1 -1 0 0.1 0 0 0 -1 0 -1 1 -1 0 0 0 0 1 0 0 1 1 -1 0.1 0 0 0 1 0 0 1 1 1 0.1 0.1 0 0 1 0 0 -1 1 1 0 0.1 0 0 1 0 0 -1 -1 1 0 0 0 0 -1 0 0 1 -1 1 0.1 0 0 0 -1 0 0 1 -1 -1 0.1 0.1 0 0 -1 0 0 -1 -1 -1 0 0.1 0 0 -1 0 0 1 -1 -1 0 0 0 1 0 0 0 1 -1 1 0 0.1 0 1 0 0 0 1 1 1 0.1 0.1 0 1 0 0 0 1 1 -1 0.1 0 0 1 0 0 0 -1 -1 -1 0 0 0 -1 0 0 0 -1 1 -1 0 0.1 0 -1 0 0 0 -1 1 1 0.1 0.1 0 -1 0 0 0 -1 -1 1 0.1 0 0 -1 0 0 0 
Indices: 0 1 2 2 3 0 4 5 6 6 7 4 8 9 10 10 11 8 12 13 14 14 15 12 16 17 18 18 19 16 20 21 22 22 23 20 
Cube
Position: -18 -6 24
Rotation: 0 0 0
Scale: 10 4.5 1
TextureIndex: 0
VerticesAfterTransformation: 
Index: 55
Invisible: false
CornerPositions: -1 1 1 0 0 0 0 0 1 0 1 1 1 0.1 0 0 0 0 1 0 1 -1 1 0.1 0.1 0 0 0 1 0 -1 -1 1 0 0.1 0 0 0 1 0 1 -1 -1 0 0 0 0 0 -1 0 1 1 -1 0.1 0 0 0 0 -1 0 -1 1 -1 0.1 0.1 0 0 0 -1 0 -1 -1 -1 0 0.1 0 0 0 -1 0 -1 1 -1 0 0 0 0 1 0 0 1 1 -1 0.1 0 0 0 1 0 0 1 1 1 0.1 0.1 0 0 1 0 0 -1 1 1 0 0.1 0 0 1 0 0 -1 -1 1 0 0 0 0 -1 0 0 1 -1 1 0.1 0 0 0 -1 0 0 1 -1 -1 0.1 0.1 0 0 -1 0 0 -1 -1 -1 0 0.1 0 0 -1 0 0 1 -1 -1 0 0 0 1 0 0 0 1 -1 1 0 0.1 0 1 0 0 0 1 1 1 0.1 0.1 0 1 0 0 0 1 1 -1 0.1 0 0 1 0 0 0 -1 -1 -1 0 0 0 -1 0 0 0 -1 1 -1 0 0.1 0 -1 0 0 0 -1 1 1 0.1 0.1 0 -1 0 0 0 -1 -1 1 0.1 0 0 -1 0 0 0 
Indices: 0 1 2 2 3 0 4 5 6 6 7 4 8 9 10 10 11 8 12 13 14 14 15 12 16 17 18 18 19 16 20 21 22 22 23 20 
Cube
Position: 0 0 30
Rotation: 0 0 0
Scale: 1 1 1
TextureIndex: 99
VerticesAfterTransformation: 
Index: 56
Invisible: false
CornerPositions: -1 1 1 0 0 0 0 0 1 0 1 1 1 0.1 0 0 0 0 1 0 1 -1 1 0.1 0.1 0 0 0 1 0 -1 -1 1 0 0.1 0 0 0 1 0 1 -1 -1 0 0 0 0 0 -1 0 1 1 -1 0.1 0 0 0 0 -1 0 -1 1 -1 0.1 0.1 0 0 0 -1 0 -1 -1 -1 0 0.1 0 0 0 -1 0 -1 1 -1 0 0 0 0 1 0 0 1 1 -1 0.1 0 0 0 1 0 0 1 1 1 0.1 0.1 0 0 1 0 0 -1 1 1 0 0.1 0 0 1 0 0 -1 -1 1 0 0 0 0 -1 0 0 1 -1 1 0.1 0 0 0 -1 0 0 1 -1 -1 0.1 0.1 0 0 -1 0 0 -1 -1 -1 0 0.1 0 0 -1 0 0 1 -1 -1 0 0 0 1 0 0 0 1 -1 1 0 0.1 0 1 0 0 0 1 1 1 0.1 0.1 0 1 0 0 0 1 1 -1 0.1 0 0 1 0 0 0 -1 -1 -1 0 0 0 -1 0 0 0 -1 1 -1 0 0.1 0 -1 0 0 0 -1 1 1 0.1 0.1 0 -1 0 0 0 -1 -1 1 0.1 0 0 -1 0 0 0 
Indices: 0 1 2 2 3 0 4 5 6 6 7 4 8 9 10 10 11 8 12 13 14 14 15 12 16 17 18 18 19 16 20 21 22 22 23 20 
Cube
Position: 0 0 30
Rotation: 0 0 0
Scale: 1 1 1
TextureIndex: 0
VerticesAfterTransformation: 
Index: 57
Invisible: false
CornerPositions: -1 1 1 0 0 99 0 0 1 0 1 1 1 0.1 0 99 0 0 1 0 1 -1 1 0.1 0.1 99 0 0 1 0 -1 -1 1 0 0.1 99 0 0 1 0 1 -1 -1 0 0 99 0 0 -1 0 1 1 -1 0.1 0 99 0 0 -1 0 -1 1 -1 0.1 0.1 99 0 0 -1 0 -1 -1 -1 0 0.1 99 0 0 -1 0 -1 1 -1 0 0 99 0 1 0 0 1 1 -1 0.1 0 99 0 1 0 0 1 1 1 0.1 0.1 99 0 1 0 0 -1 1 1 0 0.1 99 0 1 0 0 -1 -1 1 0 0 99 0 -1 0 0 1 -1 1 0.1 0 99 0 -1 0 0 1 -1 -1 0.1 0.1 99 0 -1 0 0 -1 -1 -1 0 0.1 99 0 -1 0 0 1 -1 -1 0 0 99 1 0 0 0 1 -1 1 0 0.1 99 1 0 0 0 1 1 1 0.1 0.1 99 1 0 0 0 1 1 -1 0.1 0 99 1 0 0 0 -1 -1 -1 0 0 99 -1 0 0 0 -1 1 -1 0 0.1 99 -1 0 0 0 -1 1 1 0.1 0.1 99 -1 0 0 0 -1 -1 1 0.1 0 99 -1 0 0 0 
Indices: 0 1 2 2 3 0 4 5 6 6 7 4 8 9 10 10 11 8 12 13 14 14 15 12 16 17 18 18 19 16 20 21 22 22 23 20 
Cube
Position: 30 1 0
Rotation: 0 0 0
Scale: 1 1 1
TextureIndex: 99
VerticesAfterTransformation: 
Index: 58
Invisible: false
CornerPositions: -1 1 1 0 0 99 0 0 1 0 1 1 1 0.1 0 99 0 0 1 0 1 -1 1 0.1 0.1 99 0 0 1 0 -1 -1 1 0 0.1 99 0 0 1 0 1 -1 -1 0 0 99 0 0 -1 0 1 1 -1 0.1 0 99 0 0 -1 0 -1 1 -1 0.1 0.1 99 0 0 -1 0 -1 -1 -1 0 0.1 99 0 0 -1 0 -1 1 -1 0 0 99 0 1 0 0 1 1 -1 0.1 0 99 0 1 0 0 1 1 1 0.1 0.1 99 0 1 0 0 -1 1 1 0 0.1 99 0 1 0 0 -1 -1 1 0 0 99 0 -1 0 0 1 -1 1 0.1 0 99 0 -1 0 0 1 -1 -1 0.1 0.1 99 0 -1 0 0 -1 -1 -1 0 0.1 99 0 -1 0 0 1 -1 -1 0 0 99 1 0 0 0 1 -1 1 0 0.1 99 1 0 0 0 1 1 1 0.1 0.1 99 1 0 0 0 1 1 -1 0.1 0 99 1 0 0 0 -1 -1 -1 0 0 99 -1 0 0 0 -1 1 -1 0 0.1 99 -1 0 0 0 -1 1 1 0.1 0.1 99 -1 0 0 0 -1 -1 1 0.1 0 99 -1 0 0 0 
Indices: 0 1 2 2 3 0 4 5 6 6 7 4 8 9 10 10 11 8 12 13 14 14 15 12 16 17 18 18 19 16 20 21 22 22 23 20 
Cube
Position: 30 1 0
Rotation: 0 0 0
Scale: 1 1 1
TextureIndex: 0
VerticesAfterTransformation: 
Index: 59
Invisible: false
CornerPositions: -1 1 1 0 0 99 0 0 1 0 1 1 1 0.1 0 99 0 0 1 0 1 -1 1 0.1 0.1 99 0 0 1 0 -1 -1 1 0 0.1 99 0 0 1 0 1 -1 -1 0 0 99 0 0 -1 0 1 1 -1 0.1 0 99 0 0 -1 0 -1 1 -1 0.1 0.1 99 0 0 -1 0 -1 -1 -1 0 0.1 99 0 0 -1 0 -1 1 -1 0 0 99 0 1 0 0 1 1 -1 0.1 0 99 0 1 0 0 1 1 1 0.1 0.1 99 0 1 0 0 -1 1 1 0 0.1 99 0 1 0 0 -1 -1 1 0 0 99 0 -1 0 0 1 -1 1 0.1 0 99 0 -1 0 0 1 -1 -1 0.1 0.1 99 0 -1 0 0 -1 -1 -1 0 0.1 99 0 -1 0 0 1 -1 -1 0 0 99 1 0 0 0 1 -1 1 0 0.1 99 1 0 0 0 1 1 1 0.1 0.1 99 1 0 0 0 1 1 -1 0.1 0 99 1 0 0 0 -1 -1 -1 0 0 99 -1 0 0 0 -1 1 -1 0 0.1 99 -1 0 0 0 -1 1 1 0.1 0.1 99 -1 0 0 0 -1 -1 1 0.1 0 99 -1 0 0 0 
Indices: 0 1 2 2 3 0 4 5 6 6 7 4 8 9 10 10 11 8 12 13 14 14 15 12 16 17 18 18 19 16 20 21 22 22 23 20 
Cube
Position: 0 1 -30
Rotation: 0 0 0
Scale: 1 1 1
TextureIndex: 99
VerticesAfterTransformation: 
Index: 60
Invisible: false
CornerPositions: -1 1 1 0 0 99 0 0 1 0 1 1 1 0.1 0 99 0 0 1 0 1 -1 1 0.1 0.1 99 0 0 1 0 -1 -1 1 0 0.1 99 0 0 1 0 1 -1 -1 0 0 99 0 0 -1 0 1 1 -1 0.1 0 99 0 0 -1 0 -1 1 -1 0.1 0.1 99 0 0 -1 0 -1 -1 -1 0 0.1 99 0 0 -1 0 -1 1 -1 0 0 99 0 1 0 0 1 1 -1 0.1 0 99 0 1 0 0 1 1 1 0.1 0.1 99 0 1 0 0 -1 1 1 0 0.1 99 0 1 0 0 -1 -1 1 0 0 99 0 -1 0 0 1 -1 1 0.1 0 99 0 -1 0 0 1 -1 -1 0.1 0.1 99 0 -1 0 0 -1 -1 -1 0 0.1 99 0 -1 0 0 1 -1 -1 0 0 99 1 0 0 0 1 -1 1 0 0.1 99 1 0 0 0 1 1 1 0.1 0.1 99 1 0 0 0 1 1 -1 0.1 0 99 1 0 0 0 -1 -1 -1 0 0 99 -1 0 0 0 -1 1 -1 0 0.1 99 -1 0 0 0 -1 1 1 0.1 0.1 99 -1 0 0 0 -1 -1 1 0.1 0 99 -1 0 0 0 
Indices: 0 1 2 2 3 0 4 5 6 6 7 4 8 9 10 10 11 8 12 13 14 14 15 12 16 17 18 18 19 16 20 21 22 22 23 20 
Cube
Position: 0 1 -30
Rotation: 0 0 0
Scale: 1 1 1
TextureIndex: 0
VerticesAfterTransformation: 
Index: 61
Invisible: false
CornerPositions: -1 1 1 0 0 99 0 0 1 0 1 1 1 0.1 0 99 0 0 1 0 1 -1 1 0.1 0.1 99 0 0 1 0 -1 -1 1 0 0.1 99 0 0 1 0 1 -1 -1 0 0 99 0 0 -1 0 1 1 -1 0.1 0 99 0 0 -1 0 -1 1 -1 0.1 0.1 99 0 0 -1 0 -1 -1 -1 0 0.1 99 0 0 -1 0 -1 1 -1 0 0 99 0 1 0 0 1 1 -1 0.1 0 99 0 1 0 0 1 1 1 0.1 0.1 99 0 1 0 0 -1 1 1 0 0.1 99 0 1 0 0 -1 -1 1 0 0 99 0 -1 0 0 1 -1 1 0.1 0 99 0 -1 0 0 1 -1 -1 0.1 0.1 99 0 -1 0 0 -1 -1 -1 0 0.1 99 0 -1 0 0 1 -1 -1 0 0 99 1 0 0 0 1 -1 1 0 0.1 99 1 0 0 0 1 1 1 0.1 0.1 99 1 0 0 0 1 1 -1 0.1 0 99 1 0 0 0 -1 -1 -1 0 0 99 -1 0 0 0 -1 1 -1 0 0.1 99 -1 0 0 0 -1 1 1 0.1 0.1 99 -1 0 0 0 -1 -1 1 0.1 0 99 -1 0 0 0 
Indices: 0 1 2 2 3 0 4 5 6 6 7 4 8 9 10 10 11 8 12 13 14 14 15 12 16 17 18 18 19 16 20 21 22 22 23 20 
Cube
Position: -30 1 0
Rotation: 0 0 0
Scale: 1 1 1
TextureIndex: 99
VerticesAfterTransformation: 
Index: 62
Invisible: false
CornerPositions: -1 1 1 0 0 99 0 0 1 0 1 1 1 0.1 0 99 0 0 1 0 1 -1 1 0.1 0.1 99 0 0 1 0 -1 -1 1 0 0.1 99 0 0 1 0 1 -1 -1 0 0 99 0 0 -1 0 1 1 -1 0.1 0 99 0 0 -1 0 -1 1 -1 0.1 0.1 99 0 0 -1 0 -1 -1 -1 0 0.1 99 0 0 -1 0 -1 1 -1 0 0 99 0 1 0 0 1 1 -1 0.1 0 99 0 1 0 0 1 1 1 0.1 0.1 99 0 1 0 0 -1 1 1 0 0.1 99 0 1 0 0 -1 -1 1 0 0 99 0 -1 0 0 1 -1 1 0.1 0 99 0 -1 0 0 1 -1 -1 0.1 0.1 99 0 -1 0 0 -1 -1 -1 0 0.1 99 0 -1 0 0 1 -1 -1 0 0 99 1 0 0 0 1 -1 1 0 0.1 99 1 0 0 0 1 1 1 0.1 0.1 99 1 0 0 0 1 1 -1 0.1 0 99 1 0 0 0 -1 -1 -1 0 0 99 -1 0 0 0 -1 1 -1 0 0.1 99 -1 0 0 0 -1 1 1 0.1 0.1 99 -1 0 0 0 -1 -1 1 0.1 0 99 -1 0 0 0 
Indices: 0 1 2 2 3 0 4 5 6 6 7 4 8 9 10 10 11 8 12 13 14 14 15 12 16 17 18 18 19 16 20 21 22 22 23 20 
Cube
Position: -30 1 0
Rotation: 0 0 0
Scale: 1 1 1
TextureIndex: 0
VerticesAfterTransformation: 
Index: 63
Invisible: false
CornerPositions: -1 1 1 0 0 99 0 0 1 0 1 1 1 0.1 0 99 0 0 1 0 1 -1 1 0.1 0.1 99 0 0 1 0 -1 -1 1 0 0.1 99 0 0 1 0 1 -1 -1 0 0 99 0 0 -1 0 1 1 -1 0.1 0 99 0 0 -1 0 -1 1 -1 0.1 0.1 99 0 0 -1 0 -1 -1 -1 0 0.1 99 0 0 -1 0 -1 1 -1 0 0 99 0 1 0 0 1 1 -1 0.1 0 99 0 1 0 0 1 1 1 0.1 0.1 99 0 1 0 0 -1 1 1 0 0.1 99 0 1 0 0 -1 -1 1 0 0 99 0 -1 0 0 1 -1 1 0.1 0 99 0 -1 0 0 1 -1 -1 0.1 0.1 99 0 -1 0 0 -1 -1 -1 0 0.1 99 0 -1 0 0 1 -1 -1 0 0 99 1 0 0 0 1 -1 1 0 0.1 99 1 0 0 0 1 1 1 0.1 0.1 99 1 0 0 0 1 1 -1 0.1 0 99 1 0 0 0 -1 -1 -1 0 0 99 -1 0 0 0 -1 1 -1 0 0.1 99 -1 0 0 0 -1 1 1 0.1 0.1 99 -1 0 0 0 -1 -1 1 0.1 0 99 -1 0 0 0 
Indices: 0 1 2 2 3 0 4 5 6 6 7 4 8 9 10 10 11 8 12 13 14 14 15 12 16 17 18 18 19 16 20 21 22 22 23 20 
